06225, 20160421, 1930,        10Min,        Sav1H,        6.3995,     0,
06225, 20160421, 1930,        10Min,        Sax1H,          6.53,     0,
06225, 20160421, 1930,        10Min,        Sax3H,          7.96,     0,
06225, 20160421, 1930,        10Min,        Sax6H,          8.33,     0,
06225, 20160421, 1930,        10Min,         Sx1H,          7.71,     0,
06225, 20160421, 1930,        10Min,         Sx3H,         10.45,     0,
06225, 20160421, 1930,        10Min,         Sx6H,         10.45,     0,
06225, 20160421, 1930,        10Min,           dd,          30.8,     0,
06225, 20160421, 1930,        10Min,           dn,          12.7,     0,
06225, 20160421, 1930,        10Min,          dsd,           4.8,     0,
06225, 20160421, 1930,        10Min,           dx,          46.4,     0,
06225, 20160421, 1930,        10Min,           ff,          6.12,     0,
06225, 20160421, 1930,        10Min,          ffs,          6.12,     0,
06225, 20160421, 1930,        10Min,          fsd,           .45,     0,
06225, 20160421, 1930,        10Min,           fx,          7.71,     0,
06225, 20160421, 1930,        10Min,          fxs,          7.71,     0,
06225, 20160421, 1930,        10Min,          gff,           7.3,     0,
06225, 20160421, 1930,        10Min,         gffs,           7.3,     0,
06225, 20160421, 1930,        10Min,           hm,              , 22064,
06225, 20160421, 1930,        10Min,          hm1,              , 22064,
06225, 20160421, 1930,        10Min,          hm2,              , 22064,
06225, 20160421, 1930,        10Min,          hm3,              , 22064,
06225, 20160421, 1930,        10Min,           nm,              , 22064,
06225, 20160421, 1930,        10Min,          nm1,              , 22064,
06225, 20160421, 1930,        10Min,          nm2,              , 22064,
06225, 20160421, 1930,        10Min,          nm3,              , 22064,
06225, 20160421, 1930,        10Min,           sq,             0,     0,
06248, 20160421, 1930,        10Min,        Sav1H,        5.0835,     0,
06248, 20160421, 1930,        10Min,        Sax1H,          5.69,     0,
06248, 20160421, 1930,        10Min,        Sax3H,          6.88,     0,
06248, 20160421, 1930,        10Min,        Sax6H,          6.88,     0,
06248, 20160421, 1930,        10Min,         Sx1H,          7.85,     0,
06248, 20160421, 1930,        10Min,         Sx3H,          9.28,     0,
06248, 20160421, 1930,        10Min,         Sx6H,          9.28,     0,
06248, 20160421, 1930,        10Min,           dd,          18.9,     0,
06248, 20160421, 1930,        10Min,          dsd,           7.6,     0,
06248, 20160421, 1930,        10Min,           ff,          4.88,     0,
06248, 20160421, 1930,        10Min,          ffs,          4.88,     0,
06248, 20160421, 1930,        10Min,          fsd,           .76,     0,
06248, 20160421, 1930,        10Min,           fx,          7.17,     0,
06248, 20160421, 1930,        10Min,          fxs,          7.17,     0,
06248, 20160421, 1930,        10Min,          gff,           6.7,     0,
06248, 20160421, 1930,        10Min,         gffs,           6.7,     0,
06248, 20160421, 1930,        10Min,           hm,              , 22064,
06248, 20160421, 1930,        10Min,          hm1,              , 22064,
06248, 20160421, 1930,        10Min,          hm2,              , 22064,
06248, 20160421, 1930,        10Min,          hm3,              , 22064,
06248, 20160421, 1930,        10Min,           nm,              , 22064,
06248, 20160421, 1930,        10Min,          nm1,              , 22064,
06248, 20160421, 1930,        10Min,          nm2,              , 22064,
06248, 20160421, 1930,        10Min,          nm3,              , 22064,
06248, 20160421, 1930,        10Min,           sq,             0,     0,
06249, 20160421, 1930,        10Min,          D1H,             0,     0,
06249, 20160421, 1930,        10Min,          Q1H,          1.08,     0,
06249, 20160421, 1930,        10Min,         R12H,             0,     0,
06249, 20160421, 1930,        10Min,          R1H,             0,     0,
06249, 20160421, 1930,        10Min,         R24H,             0,     0,
06249, 20160421, 1930,        10Min,          R6H,             0,     0,
06249, 20160421, 1930,        10Min,        Sav1H,      5.069833,     0,
06249, 20160421, 1930,        10Min,        Sax1H,          5.46,     0,
06249, 20160421, 1930,        10Min,        Sax3H,           6.8,     0,
06249, 20160421, 1930,        10Min,        Sax6H,           6.8,     0,
06249, 20160421, 1930,        10Min,         Sx1H,          7.26,     0,
06249, 20160421, 1930,        10Min,         Sx3H,          9.28,     0,
06249, 20160421, 1930,        10Min,         Sx6H,          9.63,     0,
06249, 20160421, 1930,        10Min,        Tgn12,             5,     0,
06249, 20160421, 1930,        10Min,        Tgn14,          -1.9,     0,
06249, 20160421, 1930,        10Min,         Tgn6,             5,     0,
06249, 20160421, 1930,        10Min,         Tn12,           6.7,     0,
06249, 20160421, 1930,        10Min,         Tn14,           1.3,     0,
06249, 20160421, 1930,        10Min,          Tn6,           6.7,     0,
06249, 20160421, 1930,        10Min,         Tx12,          13.3,     0,
06249, 20160421, 1930,        10Min,         Tx24,          13.3,     0,
06249, 20160421, 1930,        10Min,          Tx6,          13.3,     0,
06249, 20160421, 1930,        10Min,          W10,             0, 12832,
06249, 20160421, 1930,        10Min,       W10-10,             0, 12832,
06249, 20160421, 1930,        10Min,           dd,          16.1,     0,
06249, 20160421, 1930,        10Min,           dr,             0,     0,
06249, 20160421, 1930,        10Min,          dsd,           4.4,     0,
06249, 20160421, 1930,        10Min,           ff,           4.8,     0,
06249, 20160421, 1930,        10Min,          ffs,           4.8,     0,
06249, 20160421, 1930,        10Min,          fsd,           .33,     0,
06249, 20160421, 1930,        10Min,           fx,             6,     0,
06249, 20160421, 1930,        10Min,          fxs,             6,     0,
06249, 20160421, 1930,        10Min,          gff,          5.81,     0,
06249, 20160421, 1930,        10Min,         gffs,          5.81,     0,
06249, 20160421, 1930,        10Min,           pg,             0,     0,
06249, 20160421, 1930,        10Min,           pr,             0,     0,
06249, 20160421, 1930,        10Min,          pwc,             0,     0,
06249, 20160421, 1930,        10Min,           qg,             0,     0,
06249, 20160421, 1930,        10Min,          qgn,             0,     0,
06249, 20160421, 1930,        10Min,          qgx,             0,     0,
06249, 20160421, 1930,        10Min,           rg,             0,     0,
06249, 20160421, 1930,        10Min,           rh,            80,     0,
06249, 20160421, 1930,        10Min,          rhb,             0,     0,
06249, 20160421, 1930,        10Min,           sq,             0,     0,
06249, 20160421, 1930,        10Min,           ss,             0,     0,
06249, 20160421, 1930,        10Min,           ta,           6.7,     0,
06249, 20160421, 1930,        10Min,           tb,      5.188994,     0,
06249, 20160421, 1930,        10Min,           td,           3.7,     0,
06249, 20160421, 1930,        10Min,          tgn,             5,     0,
06249, 20160421, 1930,        10Min,           tn,           6.7,     0,
06249, 20160421, 1930,        10Min,           tx,           7.1,     0,
06249, 20160421, 1930,        10Min,           vv,         39800,     0,
06249, 20160421, 1930,        10Min,           ww,             0, 12832,
06249, 20160421, 1930,        10Min,        ww-10,             0, 12832,
06249, 20160421, 1930,        10Min,           za,          10.9,     0,
06249, 20160421, 1930,        10Min,           zm,         39800,     0,
06251, 20160421, 1930,        10Min,          D1H,             0,     0,
06251, 20160421, 1930,        10Min,          Q1H,          1.02,     0,
06251, 20160421, 1930,        10Min,         R12H,             0,     0,
06251, 20160421, 1930,        10Min,          R1H,             0,     0,
06251, 20160421, 1930,        10Min,         R24H,             0,     0,
06251, 20160421, 1930,        10Min,          R6H,             0,     0,
06251, 20160421, 1930,        10Min,        Sav1H,      2.481667,     0,
06251, 20160421, 1930,        10Min,        Sax1H,          3.03,     0,
06251, 20160421, 1930,        10Min,        Sax3H,          4.72,     0,
06251, 20160421, 1930,        10Min,        Sax6H,          4.72,     0,
06251, 20160421, 1930,        10Min,         Sx1H,          4.12,     0,
06251, 20160421, 1930,        10Min,         Sx3H,          6.18,     0,
06251, 20160421, 1930,        10Min,         Sx6H,          6.18,     0,
06251, 20160421, 1930,        10Min,        Tgn12,           3.6,     0,
06251, 20160421, 1930,        10Min,        Tgn14,           -.9,     0,
06251, 20160421, 1930,        10Min,         Tgn6,           3.6,     0,
06251, 20160421, 1930,        10Min,         Tn12,           5.6,     0,
06251, 20160421, 1930,        10Min,         Tn14,           2.3,     0,
06251, 20160421, 1930,        10Min,          Tn6,           5.6,     0,
06251, 20160421, 1930,        10Min,         Tx12,          11.1,     0,
06251, 20160421, 1930,        10Min,         Tx24,          11.1,     0,
06251, 20160421, 1930,        10Min,          Tx6,            11,     0,
06251, 20160421, 1930,        10Min,          W10,             0, 12832,
06251, 20160421, 1930,        10Min,       W10-10,             0, 12832,
06251, 20160421, 1930,        10Min,           dd,         358.7,     0,
06251, 20160421, 1930,        10Min,           dr,             0,     0,
06251, 20160421, 1930,        10Min,          dsd,           5.5,     0,
06251, 20160421, 1930,        10Min,           ff,          3.03,     0,
06251, 20160421, 1930,        10Min,          ffs,          3.03,     0,
06251, 20160421, 1930,        10Min,          fsd,           .33,     0,
06251, 20160421, 1930,        10Min,           fx,          4.12,     0,
06251, 20160421, 1930,        10Min,          fxs,          4.12,     0,
06251, 20160421, 1930,        10Min,          gff,          4.12,     0,
06251, 20160421, 1930,        10Min,         gffs,          4.12,     0,
06251, 20160421, 1930,        10Min,           hm,              , 22064,
06251, 20160421, 1930,        10Min,          hm1,              , 22064,
06251, 20160421, 1930,        10Min,          hm2,              , 22064,
06251, 20160421, 1930,        10Min,          hm3,              , 22064,
06251, 20160421, 1930,        10Min,           nm,              , 22064,
06251, 20160421, 1930,        10Min,          nm1,              , 22064,
06251, 20160421, 1930,        10Min,          nm2,              , 22064,
06251, 20160421, 1930,        10Min,          nm3,              , 22064,
06251, 20160421, 1930,        10Min,           p0,      1024.696,     0,
06251, 20160421, 1930,        10Min,           pg,             0,     0,
06251, 20160421, 1930,        10Min,           pp,      1024.787,     0,
06251, 20160421, 1930,        10Min,           pr,             0,     0,
06251, 20160421, 1930,        10Min,           ps,        1024.5,     0,
06251, 20160421, 1930,        10Min,          pwc,             0,     0,
06251, 20160421, 1930,        10Min,           qg,             0,     0,
06251, 20160421, 1930,        10Min,          qgn,             0,     0,
06251, 20160421, 1930,        10Min,          qgx,             0,     0,
06251, 20160421, 1930,        10Min,          qnh,      1024.784,     0,
06251, 20160421, 1930,        10Min,           rg,             0,     0,
06251, 20160421, 1930,        10Min,           rh,            84,     0,
06251, 20160421, 1930,        10Min,          rhb,             1,     0,
06251, 20160421, 1930,        10Min,           sq,             0,     0,
06251, 20160421, 1930,        10Min,           ss,             0,     0,
06251, 20160421, 1930,        10Min,           ta,             6,     0,
06251, 20160421, 1930,        10Min,           tb,      4.836442,     0,
06251, 20160421, 1930,        10Min,           td,           3.6,     0,
06251, 20160421, 1930,        10Min,          tgn,           3.6,     0,
06251, 20160421, 1930,        10Min,           tn,           5.6,     0,
06251, 20160421, 1930,        10Min,           tx,             6,     0,
06251, 20160421, 1930,        10Min,           vv,         24400,     0,
06251, 20160421, 1930,        10Min,           ww,             0, 12832,
06251, 20160421, 1930,        10Min,        ww-10,             0, 12832,
06251, 20160421, 1930,        10Min,           za,          7.44,     0,
06251, 20160421, 1930,        10Min,           zm,         24400,     0,
06257, 20160421, 1930,        10Min,          D1H,             0,     0,
06257, 20160421, 1930,        10Min,          Q1H,           .78,     0,
06257, 20160421, 1930,        10Min,         R12H,             0,     0,
06257, 20160421, 1930,        10Min,          R1H,             0,     0,
06257, 20160421, 1930,        10Min,         R24H,             0,     0,
06257, 20160421, 1930,        10Min,          R6H,             0,     0,
06257, 20160421, 1930,        10Min,        Tgn12,           8.1,     0,
06257, 20160421, 1930,        10Min,        Tgn14,            .7,     0,
06257, 20160421, 1930,        10Min,         Tgn6,           8.1,     0,
06257, 20160421, 1930,        10Min,         Tn12,             8,     0,
06257, 20160421, 1930,        10Min,         Tn14,             3,     0,
06257, 20160421, 1930,        10Min,          Tn6,             9,     0,
06257, 20160421, 1930,        10Min,         Tx12,          14.7,     0,
06257, 20160421, 1930,        10Min,         Tx24,          14.7,     0,
06257, 20160421, 1930,        10Min,          Tx6,          14.7,     0,
06257, 20160421, 1930,        10Min,           dr,             0,     0,
06257, 20160421, 1930,        10Min,           hm,              , 22064,
06257, 20160421, 1930,        10Min,          hm1,              , 22064,
06257, 20160421, 1930,        10Min,          hm2,              , 22064,
06257, 20160421, 1930,        10Min,          hm3,              , 22064,
06257, 20160421, 1930,        10Min,           nm,              , 22064,
06257, 20160421, 1930,        10Min,          nm1,              , 22064,
06257, 20160421, 1930,        10Min,          nm2,              , 22064,
06257, 20160421, 1930,        10Min,          nm3,              , 22064,
06257, 20160421, 1930,        10Min,           qg,             0,     0,
06257, 20160421, 1930,        10Min,          qgn,             0,     0,
06257, 20160421, 1930,        10Min,          qgx,             0,     0,
06257, 20160421, 1930,        10Min,           rg,             0,     0,
06257, 20160421, 1930,        10Min,           rh,            65,     0,
06257, 20160421, 1930,        10Min,          rhb,             0,     0,
06257, 20160421, 1930,        10Min,           ss,             0,     0,
06257, 20160421, 1930,        10Min,           ta,             9,     0,
06257, 20160421, 1930,        10Min,           tb,      6.055971,     0,
06257, 20160421, 1930,        10Min,           td,           2.9,     0,
06257, 20160421, 1930,        10Min,          tgn,           8.1,     0,
06257, 20160421, 1930,        10Min,           tn,             9,     0,
06257, 20160421, 1930,        10Min,           tx,           9.1,     0,
06258, 20160421, 1930,        10Min,        Sav1H,         9.657,     0,
06258, 20160421, 1930,        10Min,        Sax1H,         10.18,     0,
06258, 20160421, 1930,        10Min,        Sax3H,         10.18,     0,
06258, 20160421, 1930,        10Min,        Sax6H,         10.18,     0,
06258, 20160421, 1930,        10Min,         Sx1H,         11.65,     0,
06258, 20160421, 1930,        10Min,         Sx3H,         11.65,     0,
06258, 20160421, 1930,        10Min,         Sx6H,         11.65,     0,
06258, 20160421, 1930,        10Min,           dd,          29.6,     0,
06258, 20160421, 1930,        10Min,          dsd,           4.2,     0,
06258, 20160421, 1930,        10Min,           ff,          9.21,     0,
06258, 20160421, 1930,        10Min,          ffs,          9.21,     0,
06258, 20160421, 1930,        10Min,          fsd,           .55,     0,
06258, 20160421, 1930,        10Min,           fx,         10.62,     0,
06258, 20160421, 1930,        10Min,          fxs,         10.62,     0,
06258, 20160421, 1930,        10Min,          gff,         10.33,     0,
06258, 20160421, 1930,        10Min,         gffs,         10.33,     0,
06260, 20160421, 1930,        10Min,          D1H,             0,     0,
06260, 20160421, 1930,        10Min,          Q1H,           .54,     0,
06260, 20160421, 1930,        10Min,         R12H,             0,     0,
06260, 20160421, 1930,        10Min,          R1H,             0,     0,
06260, 20160421, 1930,        10Min,         R24H,             0,     0,
06260, 20160421, 1930,        10Min,          R6H,             0,     0,
06260, 20160421, 1930,        10Min,        Sav1H,      2.991333,     0,
06260, 20160421, 1930,        10Min,        Sax1H,          3.05,     0,
06260, 20160421, 1930,        10Min,        Sax3H,          4.57,     0,
06260, 20160421, 1930,        10Min,        Sax6H,          4.66,     0,
06260, 20160421, 1930,        10Min,         Sx1H,          4.86,     0,
06260, 20160421, 1930,        10Min,         Sx3H,          6.84,     0,
06260, 20160421, 1930,        10Min,         Sx6H,          6.84,     0,
06260, 20160421, 1930,        10Min,        Tb1n6,          12.1,     0,
06260, 20160421, 1930,        10Min,        Tb1x6,          13.8,     0,
06260, 20160421, 1930,        10Min,        Tb2n6,          11.7,     0,
06260, 20160421, 1930,        10Min,        Tb2x6,          12.4,     0,
06260, 20160421, 1930,        10Min,        Tgn12,           9.1,     0,
06260, 20160421, 1930,        10Min,        Tgn14,           2.2,     0,
06260, 20160421, 1930,        10Min,         Tgn6,           9.9,     0,
06260, 20160421, 1930,        10Min,         Tn12,             8,     0,
06260, 20160421, 1930,        10Min,         Tn14,             3,     0,
06260, 20160421, 1930,        10Min,          Tn6,          11.8,     0,
06260, 20160421, 1930,        10Min,         Tx12,          16.6,     0,
06260, 20160421, 1930,        10Min,         Tx24,          16.6,     0,
06260, 20160421, 1930,        10Min,          Tx6,          16.6,     0,
06260, 20160421, 1930,        10Min,          W10,             0, 12832,
06260, 20160421, 1930,        10Min,       W10-10,             0, 12832,
06260, 20160421, 1930,        10Min,           dd,          16.5,     0,
06260, 20160421, 1930,        10Min,           dn,         340.3,     0,
06260, 20160421, 1930,        10Min,           dr,             0,     0,
06260, 20160421, 1930,        10Min,          dsd,          13.1,     0,
06260, 20160421, 1930,        10Min,           dx,          60.5,     0,
06260, 20160421, 1930,        10Min,           ff,          3.05,     0,
06260, 20160421, 1930,        10Min,          ffs,          3.05,     0,
06260, 20160421, 1930,        10Min,          fsd,           .66,     0,
06260, 20160421, 1930,        10Min,           fx,          4.86,     0,
06260, 20160421, 1930,        10Min,          fxs,          4.86,     0,
06260, 20160421, 1930,        10Min,          gff,          4.86,     0,
06260, 20160421, 1930,        10Min,         gffs,          4.86,     0,
06260, 20160421, 1930,        10Min,            h,      17004.92,     0,
06260, 20160421, 1930,        10Min,           h1,      17004.92,     0,
06260, 20160421, 1930,        10Min,           h2,             0,     0,
06260, 20160421, 1930,        10Min,           h3,             0,     0,
06260, 20160421, 1930,        10Min,           hc,      17004.92,     0,
06260, 20160421, 1930,        10Min,          hc1,      17004.92,     0,
06260, 20160421, 1930,        10Min,          hc2,             0,     0,
06260, 20160421, 1930,        10Min,          hc3,             0,     0,
06260, 20160421, 1930,        10Min,           hm,              , 22064,
06260, 20160421, 1930,        10Min,          hm1,              , 22064,
06260, 20160421, 1930,        10Min,          hm2,              , 22064,
06260, 20160421, 1930,        10Min,          hm3,              , 22064,
06260, 20160421, 1930,        10Min,            n,             8,     0,
06260, 20160421, 1930,        10Min,           n1,             8,     0,
06260, 20160421, 1930,        10Min,           n2,             0,     0,
06260, 20160421, 1930,        10Min,           n3,             0,     0,
06260, 20160421, 1930,        10Min,           nc,             8,     0,
06260, 20160421, 1930,        10Min,          nc1,             8,     0,
06260, 20160421, 1930,        10Min,          nc2,             0,     0,
06260, 20160421, 1930,        10Min,          nc3,             0,     0,
06260, 20160421, 1930,        10Min,          nhc,             0,     0,
06260, 20160421, 1930,        10Min,           nm,              , 22064,
06260, 20160421, 1930,        10Min,          nm1,              , 22064,
06260, 20160421, 1930,        10Min,          nm2,              , 22064,
06260, 20160421, 1930,        10Min,          nm3,              , 22064,
06260, 20160421, 1930,        10Min,           p0,      1022.497,     0,
06260, 20160421, 1930,        10Min,           pg,             0,     0,
06260, 20160421, 1930,        10Min,           pp,      1022.731,     0,
06260, 20160421, 1930,        10Min,           pr,             0,     0,
06260, 20160421, 1930,        10Min,           ps,        1022.2,     0,
06260, 20160421, 1930,        10Min,          pwc,             0,     0,
06260, 20160421, 1930,        10Min,           qg,             0,     0,
06260, 20160421, 1930,        10Min,          qgn,             0,     0,
06260, 20160421, 1930,        10Min,          qgx,             0,     0,
06260, 20160421, 1930,        10Min,           qn,              , 22064,
06260, 20160421, 1930,        10Min,          qnh,      1022.725,     0,
06260, 20160421, 1930,        10Min,          qnn,              , 22064,
06260, 20160421, 1930,        10Min,          qnx,              , 22064,
06260, 20160421, 1930,        10Min,           rg,             0,     0,
06260, 20160421, 1930,        10Min,           rh,            63,     0,
06260, 20160421, 1930,        10Min,          rhb,             0,     0,
06260, 20160421, 1930,        10Min,           sq,             0,     0,
06260, 20160421, 1930,        10Min,           ss,             0,     0,
06260, 20160421, 1930,        10Min,           ta,          11.8,     0,
06260, 20160421, 1930,        10Min,           tb,      8.358548,     0,
06260, 20160421, 1930,        10Min,          tb1,          12.1,     0,
06260, 20160421, 1930,        10Min,          tb2,          11.9,     0,
06260, 20160421, 1930,        10Min,          tb3,          11.1,     0,
06260, 20160421, 1930,        10Min,          tb4,           9.9,     0,
06260, 20160421, 1930,        10Min,          tb5,           9.3,     0,
06260, 20160421, 1930,        10Min,           td,           5.1,     0,
06260, 20160421, 1930,        10Min,          tgn,           9.9,     0,
06260, 20160421, 1930,        10Min,           tn,          11.8,     0,
06260, 20160421, 1930,        10Min,          tsd,            .1,     0,
06260, 20160421, 1930,        10Min,           tx,            12,     0,
06260, 20160421, 1930,        10Min,           vv,              , 22064,
06260, 20160421, 1930,        10Min,           ww,             2, 12832,
06260, 20160421, 1930,        10Min,        ww-10,             2, 12832,
06260, 20160421, 1930,        10Min,           zm,         31300,     0,
06267, 20160421, 1930,        10Min,          D1H,             0,     0,
06267, 20160421, 1930,        10Min,          Q1H,           .66,     0,
06267, 20160421, 1930,        10Min,         R12H,             0,     0,
06267, 20160421, 1930,        10Min,          R1H,             0,     0,
06267, 20160421, 1930,        10Min,         R24H,             0,     0,
06267, 20160421, 1930,        10Min,          R6H,             0,     0,
06267, 20160421, 1930,        10Min,        Sav1H,      5.396833,     0,
06267, 20160421, 1930,        10Min,        Sax1H,          5.75,     0,
06267, 20160421, 1930,        10Min,        Sax3H,          6.97,     0,
06267, 20160421, 1930,        10Min,        Sax6H,          7.23,     0,
06267, 20160421, 1930,        10Min,         Sx1H,          7.38,     0,
06267, 20160421, 1930,        10Min,         Sx3H,          8.78,     0,
06267, 20160421, 1930,        10Min,         Sx6H,          9.69,     0,
06267, 20160421, 1930,        10Min,        Tgn12,           6.9,     0,
06267, 20160421, 1930,        10Min,        Tgn14,            .3,     0,
06267, 20160421, 1930,        10Min,         Tgn6,           6.9,     0,
06267, 20160421, 1930,        10Min,         Tn12,           6.9,     0,
06267, 20160421, 1930,        10Min,         Tn14,           1.4,     0,
06267, 20160421, 1930,        10Min,          Tn6,           7.9,     0,
06267, 20160421, 1930,        10Min,         Tx12,          13.9,     0,
06267, 20160421, 1930,        10Min,         Tx24,          13.9,     0,
06267, 20160421, 1930,        10Min,          Tx6,          13.9,     0,
06267, 20160421, 1930,        10Min,          W10,             0, 12832,
06267, 20160421, 1930,        10Min,       W10-10,             0, 12832,
06267, 20160421, 1930,        10Min,           dd,          16.5,     0,
06267, 20160421, 1930,        10Min,           dr,             0,     0,
06267, 20160421, 1930,        10Min,          dsd,           5.4,     0,
06267, 20160421, 1930,        10Min,           ff,          5.11,     0,
06267, 20160421, 1930,        10Min,          ffs,          5.11,     0,
06267, 20160421, 1930,        10Min,          fsd,           .45,     0,
06267, 20160421, 1930,        10Min,           fx,          7.38,     0,
06267, 20160421, 1930,        10Min,          fxs,          7.38,     0,
06267, 20160421, 1930,        10Min,          gff,          6.45,     0,
06267, 20160421, 1930,        10Min,         gffs,          6.45,     0,
06267, 20160421, 1930,        10Min,            h,      25094.92,     0,
06267, 20160421, 1930,        10Min,           h1,      25094.92,     0,
06267, 20160421, 1930,        10Min,           h2,             0,     0,
06267, 20160421, 1930,        10Min,           h3,             0,     0,
06267, 20160421, 1930,        10Min,           hc,      25094.92,     0,
06267, 20160421, 1930,        10Min,          hc1,      25094.92,     0,
06267, 20160421, 1930,        10Min,          hc2,             0,     0,
06267, 20160421, 1930,        10Min,          hc3,             0,     0,
06267, 20160421, 1930,        10Min,           hm,              , 22064,
06267, 20160421, 1930,        10Min,          hm1,              , 22064,
06267, 20160421, 1930,        10Min,          hm2,              , 22064,
06267, 20160421, 1930,        10Min,          hm3,              , 22064,
06267, 20160421, 1930,        10Min,            n,             0,     0,
06267, 20160421, 1930,        10Min,           n1,             0,     0,
06267, 20160421, 1930,        10Min,           n2,             0,     0,
06267, 20160421, 1930,        10Min,           n3,             0,     0,
06267, 20160421, 1930,        10Min,           nc,             8,     0,
06267, 20160421, 1930,        10Min,          nc1,             8,     0,
06267, 20160421, 1930,        10Min,          nc2,             0,     0,
06267, 20160421, 1930,        10Min,          nc3,             0,     0,
06267, 20160421, 1930,        10Min,          nhc,             0,     0,
06267, 20160421, 1930,        10Min,           nm,              , 22064,
06267, 20160421, 1930,        10Min,          nm1,              , 22064,
06267, 20160421, 1930,        10Min,          nm2,              , 22064,
06267, 20160421, 1930,        10Min,          nm3,              , 22064,
06267, 20160421, 1930,        10Min,           pg,             0,     0,
06267, 20160421, 1930,        10Min,           pr,             0,     0,
06267, 20160421, 1930,        10Min,          pwc,             0,     0,
06267, 20160421, 1930,        10Min,           qg,             0,     0,
06267, 20160421, 1930,        10Min,          qgn,             0,     0,
06267, 20160421, 1930,        10Min,          qgx,             0,     0,
06267, 20160421, 1930,        10Min,           rg,             0,     0,
06267, 20160421, 1930,        10Min,           rh,            74,     0,
06267, 20160421, 1930,        10Min,          rhb,             0,     0,
06267, 20160421, 1930,        10Min,           sq,             0,     0,
06267, 20160421, 1930,        10Min,           ss,             0,     0,
06267, 20160421, 1930,        10Min,           ta,             8,     0,
06267, 20160421, 1930,        10Min,           tb,       5.91912,     0,
06267, 20160421, 1930,        10Min,           td,           3.6,     0,
06267, 20160421, 1930,        10Min,          tgn,           6.9,     0,
06267, 20160421, 1930,        10Min,           tn,           7.9,     0,
06267, 20160421, 1930,        10Min,           tx,           8.1,     0,
06267, 20160421, 1930,        10Min,           vv,         49100,     0,
06267, 20160421, 1930,        10Min,           ww,             2, 12832,
06267, 20160421, 1930,        10Min,        ww-10,             2, 12832,
06267, 20160421, 1930,        10Min,           za,          10.5,     0,
06267, 20160421, 1930,        10Min,           zm,         49100,     0,
06273, 20160421, 1930,        10Min,          D1H,             0,     0,
06273, 20160421, 1930,        10Min,          Q1H,            .6,     0,
06273, 20160421, 1930,        10Min,         R12H,             0,     0,
06273, 20160421, 1930,        10Min,          R1H,             0,     0,
06273, 20160421, 1930,        10Min,         R24H,             0,     0,
06273, 20160421, 1930,        10Min,          R6H,             0,     0,
06273, 20160421, 1930,        10Min,        Sav1H,      3.907833,     0,
06273, 20160421, 1930,        10Min,        Sax1H,          4.59,     0,
06273, 20160421, 1930,        10Min,        Sax3H,          5.96,     0,
06273, 20160421, 1930,        10Min,        Sax6H,          5.96,     0,
06273, 20160421, 1930,        10Min,         Sx1H,          6.97,     0,
06273, 20160421, 1930,        10Min,         Sx3H,          8.29,     0,
06273, 20160421, 1930,        10Min,         Sx6H,          8.29,     0,
06273, 20160421, 1930,        10Min,        Tb1n6,           9.9,     0,
06273, 20160421, 1930,        10Min,        Tb1x6,            11,     0,
06273, 20160421, 1930,        10Min,        Tb2n6,          10.1,     0,
06273, 20160421, 1930,        10Min,        Tb2x6,          10.6,     0,
06273, 20160421, 1930,        10Min,        Tgn12,           7.4,     0,
06273, 20160421, 1930,        10Min,        Tgn14,            .4,     0,
06273, 20160421, 1930,        10Min,         Tgn6,           7.4,     0,
06273, 20160421, 1930,        10Min,         Tn12,           6.5,     0,
06273, 20160421, 1930,        10Min,         Tn14,           1.5,     0,
06273, 20160421, 1930,        10Min,          Tn6,           8.4,     0,
06273, 20160421, 1930,        10Min,         Tx12,            15,     0,
06273, 20160421, 1930,        10Min,         Tx24,            15,     0,
06273, 20160421, 1930,        10Min,          Tx6,            15,     0,
06273, 20160421, 1930,        10Min,          W10,             0, 12832,
06273, 20160421, 1930,        10Min,       W10-10,             0, 12832,
06273, 20160421, 1930,        10Min,           dd,          13.5,     0,
06273, 20160421, 1930,        10Min,           dr,             0,     0,
06273, 20160421, 1930,        10Min,          dsd,           6.8,     0,
06273, 20160421, 1930,        10Min,           ff,          3.52,     0,
06273, 20160421, 1930,        10Min,          ffs,          3.52,     0,
06273, 20160421, 1930,        10Min,          fsd,           .45,     0,
06273, 20160421, 1930,        10Min,           fx,           4.8,     0,
06273, 20160421, 1930,        10Min,          fxs,           4.8,     0,
06273, 20160421, 1930,        10Min,          gff,           4.7,     0,
06273, 20160421, 1930,        10Min,         gffs,           4.7,     0,
06273, 20160421, 1930,        10Min,           pg,             0,     0,
06273, 20160421, 1930,        10Min,           pr,             0,     0,
06273, 20160421, 1930,        10Min,          pwc,             0,     0,
06273, 20160421, 1930,        10Min,           qg,             0,     0,
06273, 20160421, 1930,        10Min,          qgn,             0,     0,
06273, 20160421, 1930,        10Min,          qgx,             0,     0,
06273, 20160421, 1930,        10Min,           rg,             0,     0,
06273, 20160421, 1930,        10Min,           rh,            67,     0,
06273, 20160421, 1930,        10Min,          rhb,             0,     0,
06273, 20160421, 1930,        10Min,           sq,             0,     0,
06273, 20160421, 1930,        10Min,           ss,             0,     0,
06273, 20160421, 1930,        10Min,           ta,           8.4,     0,
06273, 20160421, 1930,        10Min,           tb,      5.694073,     0,
06273, 20160421, 1930,        10Min,          tb1,           9.9,     0,
06273, 20160421, 1930,        10Min,          tb2,          10.1,     0,
06273, 20160421, 1930,        10Min,          tb3,           9.9,     0,
06273, 20160421, 1930,        10Min,          tb4,           9.3,     0,
06273, 20160421, 1930,        10Min,          tb5,             9,     0,
06273, 20160421, 1930,        10Min,           td,           2.8,     0,
06273, 20160421, 1930,        10Min,          tgn,           7.4,     0,
06273, 20160421, 1930,        10Min,           tn,           8.4,     0,
06273, 20160421, 1930,        10Min,           tx,           8.7,     0,
06273, 20160421, 1930,        10Min,           vv,         46600,     0,
06273, 20160421, 1930,        10Min,           ww,             0, 12832,
06273, 20160421, 1930,        10Min,        ww-10,             0, 12832,
06273, 20160421, 1930,        10Min,           za,          6.63,     0,
06273, 20160421, 1930,        10Min,           zm,         46600,     0,
06277, 20160421, 1930,        10Min,          D1H,             0,     0,
06277, 20160421, 1930,        10Min,          Q1H,           .54,     0,
06277, 20160421, 1930,        10Min,         R12H,             0,     0,
06277, 20160421, 1930,        10Min,          R1H,             0,     0,
06277, 20160421, 1930,        10Min,         R24H,             0,     0,
06277, 20160421, 1930,        10Min,          R6H,             0,     0,
06277, 20160421, 1930,        10Min,        Sav1H,      5.223667,     0,
06277, 20160421, 1930,        10Min,        Sax1H,          5.91,     0,
06277, 20160421, 1930,        10Min,        Sax3H,          5.91,     0,
06277, 20160421, 1930,        10Min,        Sax6H,          5.91,     0,
06277, 20160421, 1930,        10Min,         Sx1H,          7.01,     0,
06277, 20160421, 1930,        10Min,         Sx3H,          7.01,     0,
06277, 20160421, 1930,        10Min,         Sx6H,          7.01,     0,
06277, 20160421, 1930,        10Min,        Tgn12,           7.3,     0,
06277, 20160421, 1930,        10Min,        Tgn14,             1,     0,
06277, 20160421, 1930,        10Min,         Tgn6,           7.3,     0,
06277, 20160421, 1930,        10Min,         Tn12,           7.9,     0,
06277, 20160421, 1930,        10Min,         Tn14,           5.2,     0,
06277, 20160421, 1930,        10Min,          Tn6,           8.3,     0,
06277, 20160421, 1930,        10Min,         Tx12,          11.7,     0,
06277, 20160421, 1930,        10Min,         Tx24,          11.7,     0,
06277, 20160421, 1930,        10Min,          Tx6,          11.7,     0,
06277, 20160421, 1930,        10Min,           dd,           2.9,     0,
06277, 20160421, 1930,        10Min,           dr,             0,     0,
06277, 20160421, 1930,        10Min,          dsd,           4.8,     0,
06277, 20160421, 1930,        10Min,           ff,          4.39,     0,
06277, 20160421, 1930,        10Min,          ffs,          4.39,     0,
06277, 20160421, 1930,        10Min,          fsd,           .37,     0,
06277, 20160421, 1930,        10Min,           fx,          6.04,     0,
06277, 20160421, 1930,        10Min,          fxs,          6.04,     0,
06277, 20160421, 1930,        10Min,          gff,          5.23,     0,
06277, 20160421, 1930,        10Min,         gffs,          5.23,     0,
06277, 20160421, 1930,        10Min,           hm,              , 22064,
06277, 20160421, 1930,        10Min,          hm1,              , 22064,
06277, 20160421, 1930,        10Min,          hm2,              , 22064,
06277, 20160421, 1930,        10Min,          hm3,              , 22064,
06277, 20160421, 1930,        10Min,           nm,              , 22064,
06277, 20160421, 1930,        10Min,          nm1,              , 22064,
06277, 20160421, 1930,        10Min,          nm2,              , 22064,
06277, 20160421, 1930,        10Min,          nm3,              , 22064,
06277, 20160421, 1930,        10Min,           qg,             0,     0,
06277, 20160421, 1930,        10Min,          qgn,             0,     0,
06277, 20160421, 1930,        10Min,          qgx,             0,     0,
06277, 20160421, 1930,        10Min,           rg,             0,     0,
06277, 20160421, 1930,        10Min,           rh,            78,     0,
06277, 20160421, 1930,        10Min,          rhb,             0,     0,
06277, 20160421, 1930,        10Min,           sq,             0,     0,
06277, 20160421, 1930,        10Min,           ss,             0,     0,
06277, 20160421, 1930,        10Min,           ta,           8.3,     0,
06277, 20160421, 1930,        10Min,           tb,       6.52808,     0,
06277, 20160421, 1930,        10Min,           td,           4.8,     0,
06277, 20160421, 1930,        10Min,          tgn,           7.3,     0,
06277, 20160421, 1930,        10Min,           tn,           8.3,     0,
06277, 20160421, 1930,        10Min,           tx,           8.4,     0,
06278, 20160421, 1930,        10Min,          D1H,             0,     0,
06278, 20160421, 1930,        10Min,          Q1H,           .36,     0,
06278, 20160421, 1930,        10Min,         R12H,             0,     0,
06278, 20160421, 1930,        10Min,          R1H,             0,     0,
06278, 20160421, 1930,        10Min,         R24H,             0,     0,
06278, 20160421, 1930,        10Min,          R6H,             0,     0,
06278, 20160421, 1930,        10Min,        Sav1H,      2.823667,     0,
06278, 20160421, 1930,        10Min,        Sax1H,          3.23,     0,
06278, 20160421, 1930,        10Min,        Sax3H,          3.58,     0,
06278, 20160421, 1930,        10Min,        Sax6H,             4,     0,
06278, 20160421, 1930,        10Min,         Sx1H,          6.06,     0,
06278, 20160421, 1930,        10Min,         Sx3H,          6.06,     0,
06278, 20160421, 1930,        10Min,         Sx6H,          6.14,     0,
06278, 20160421, 1930,        10Min,        Tgn12,           7.5,     0,
06278, 20160421, 1930,        10Min,        Tgn14,          -2.2,     0,
06278, 20160421, 1930,        10Min,         Tgn6,           7.5,     0,
06278, 20160421, 1930,        10Min,         Tn12,           6.5,     0,
06278, 20160421, 1930,        10Min,         Tn14,           1.1,     0,
06278, 20160421, 1930,        10Min,          Tn6,           9.6,     0,
06278, 20160421, 1930,        10Min,         Tx12,          15.2,     0,
06278, 20160421, 1930,        10Min,         Tx24,          15.2,     0,
06278, 20160421, 1930,        10Min,          Tx6,          15.2,     0,
06278, 20160421, 1930,        10Min,           dd,          15.5,     0,
06278, 20160421, 1930,        10Min,           dr,             0,     0,
06278, 20160421, 1930,        10Min,          dsd,          12.4,     0,
06278, 20160421, 1930,        10Min,           ff,           2.8,     0,
06278, 20160421, 1930,        10Min,          ffs,           2.8,     0,
06278, 20160421, 1930,        10Min,          fsd,           .49,     0,
06278, 20160421, 1930,        10Min,           fx,          4.33,     0,
06278, 20160421, 1930,        10Min,          fxs,          4.33,     0,
06278, 20160421, 1930,        10Min,          gff,          4.33,     0,
06278, 20160421, 1930,        10Min,         gffs,          4.33,     0,
06278, 20160421, 1930,        10Min,           hm,              , 22064,
06278, 20160421, 1930,        10Min,          hm1,              , 22064,
06278, 20160421, 1930,        10Min,          hm2,              , 22064,
06278, 20160421, 1930,        10Min,          hm3,              , 22064,
06278, 20160421, 1930,        10Min,           nm,              , 22064,
06278, 20160421, 1930,        10Min,          nm1,              , 22064,
06278, 20160421, 1930,        10Min,          nm2,              , 22064,
06278, 20160421, 1930,        10Min,          nm3,              , 22064,
06278, 20160421, 1930,        10Min,           qg,             0,     0,
06278, 20160421, 1930,        10Min,          qgn,             0,     0,
06278, 20160421, 1930,        10Min,          qgx,             0,     0,
06278, 20160421, 1930,        10Min,           rg,             0,     0,
06278, 20160421, 1930,        10Min,           rh,            65,     0,
06278, 20160421, 1930,        10Min,          rhb,             0,     0,
06278, 20160421, 1930,        10Min,           sq,             0,     0,
06278, 20160421, 1930,        10Min,           ss,             0,     0,
06278, 20160421, 1930,        10Min,           ta,           9.6,     0,
06278, 20160421, 1930,        10Min,           tb,      6.588949,     0,
06278, 20160421, 1930,        10Min,           td,           3.5,     0,
06278, 20160421, 1930,        10Min,          tgn,           7.5,     0,
06278, 20160421, 1930,        10Min,           tn,           9.6,     0,
06278, 20160421, 1930,        10Min,           tx,           9.9,     0,
06279, 20160421, 1930,        10Min,          D1H,             0,     0,
06279, 20160421, 1930,        10Min,          Q1H,           .48,     0,
06279, 20160421, 1930,        10Min,         R12H,             0,     0,
06279, 20160421, 1930,        10Min,          R1H,             0,     0,
06279, 20160421, 1930,        10Min,         R24H,             0,     0,
06279, 20160421, 1930,        10Min,          R6H,             0,     0,
06279, 20160421, 1930,        10Min,        Sav1H,      3.876333,     0,
06279, 20160421, 1930,        10Min,        Sax1H,          4.16,     0,
06279, 20160421, 1930,        10Min,        Sax3H,          5.75,     0,
06279, 20160421, 1930,        10Min,        Sax6H,          5.75,     0,
06279, 20160421, 1930,        10Min,         Sx1H,          6.33,     0,
06279, 20160421, 1930,        10Min,         Sx3H,             8,     0,
06279, 20160421, 1930,        10Min,         Sx6H,             8,     0,
06279, 20160421, 1930,        10Min,        Tgn12,           6.1,     0,
06279, 20160421, 1930,        10Min,        Tgn14,           -.1,     0,
06279, 20160421, 1930,        10Min,         Tgn6,           6.1,     0,
06279, 20160421, 1930,        10Min,         Tn12,           6.9,     0,
06279, 20160421, 1930,        10Min,         Tn14,            .2,     0,
06279, 20160421, 1930,        10Min,          Tn6,           7.2,     0,
06279, 20160421, 1930,        10Min,         Tx12,          14.8,     0,
06279, 20160421, 1930,        10Min,         Tx24,          14.8,     0,
06279, 20160421, 1930,        10Min,          Tx6,          14.8,     0,
06279, 20160421, 1930,        10Min,          W10,             0, 12832,
06279, 20160421, 1930,        10Min,       W10-10,             0, 12832,
06279, 20160421, 1930,        10Min,           dd,           5.6,     0,
06279, 20160421, 1930,        10Min,           dr,             0,     0,
06279, 20160421, 1930,        10Min,          dsd,           6.4,     0,
06279, 20160421, 1930,        10Min,           ff,          3.54,     0,
06279, 20160421, 1930,        10Min,          ffs,          3.54,     0,
06279, 20160421, 1930,        10Min,          fsd,           .45,     0,
06279, 20160421, 1930,        10Min,           fx,           5.4,     0,
06279, 20160421, 1930,        10Min,          fxs,           5.4,     0,
06279, 20160421, 1930,        10Min,          gff,          4.76,     0,
06279, 20160421, 1930,        10Min,         gffs,          4.76,     0,
06279, 20160421, 1930,        10Min,            h,      26244.92,     0,
06279, 20160421, 1930,        10Min,           h1,      26244.92,     0,
06279, 20160421, 1930,        10Min,           h2,             0,     0,
06279, 20160421, 1930,        10Min,           h3,             0,     0,
06279, 20160421, 1930,        10Min,           hc,      26244.92,     0,
06279, 20160421, 1930,        10Min,          hc1,      26244.92,     0,
06279, 20160421, 1930,        10Min,          hc2,             0,     0,
06279, 20160421, 1930,        10Min,          hc3,             0,     0,
06279, 20160421, 1930,        10Min,           hm,              , 22064,
06279, 20160421, 1930,        10Min,          hm1,              , 22064,
06279, 20160421, 1930,        10Min,          hm2,              , 22064,
06279, 20160421, 1930,        10Min,          hm3,              , 22064,
06279, 20160421, 1930,        10Min,            n,             0,     0,
06279, 20160421, 1930,        10Min,           n1,             0,     0,
06279, 20160421, 1930,        10Min,           n2,             0,     0,
06279, 20160421, 1930,        10Min,           n3,             0,     0,
06279, 20160421, 1930,        10Min,           nc,             8,     0,
06279, 20160421, 1930,        10Min,          nc1,             8,     0,
06279, 20160421, 1930,        10Min,          nc2,             0,     0,
06279, 20160421, 1930,        10Min,          nc3,             0,     0,
06279, 20160421, 1930,        10Min,          nhc,             0,     0,
06279, 20160421, 1930,        10Min,           nm,              , 22064,
06279, 20160421, 1930,        10Min,          nm1,              , 22064,
06279, 20160421, 1930,        10Min,          nm2,              , 22064,
06279, 20160421, 1930,        10Min,          nm3,              , 22064,
06279, 20160421, 1930,        10Min,           p0,        1021.5,     0,
06279, 20160421, 1930,        10Min,           pg,             0,     0,
06279, 20160421, 1930,        10Min,           pp,      1023.469,     0,
06279, 20160421, 1930,        10Min,           pr,             0,     0,
06279, 20160421, 1930,        10Min,           ps,        1021.3,     0,
06279, 20160421, 1930,        10Min,          pwc,             0,     0,
06279, 20160421, 1930,        10Min,           qg,             0,     0,
06279, 20160421, 1930,        10Min,          qgn,             0,     0,
06279, 20160421, 1930,        10Min,          qgx,             0,     0,
06279, 20160421, 1930,        10Min,          qnh,      1023.401,     0,
06279, 20160421, 1930,        10Min,           rg,             0,     0,
06279, 20160421, 1930,        10Min,           rh,            75,     0,
06279, 20160421, 1930,        10Min,          rhb,             0,     0,
06279, 20160421, 1930,        10Min,           sq,             0,     0,
06279, 20160421, 1930,        10Min,           ss,             0,     0,
06279, 20160421, 1930,        10Min,           ta,           7.2,     0,
06279, 20160421, 1930,        10Min,           tb,      5.272502,     0,
06279, 20160421, 1930,        10Min,           td,             3,     0,
06279, 20160421, 1930,        10Min,          tgn,           6.1,     0,
06279, 20160421, 1930,        10Min,           tn,           7.2,     0,
06279, 20160421, 1930,        10Min,           tx,           8.2,     0,
06279, 20160421, 1930,        10Min,           vv,         40200,     0,
06279, 20160421, 1930,        10Min,           ww,             3, 12832,
06279, 20160421, 1930,        10Min,        ww-10,             3, 12832,
06279, 20160421, 1930,        10Min,           za,             4,     0,
06279, 20160421, 1930,        10Min,           zm,         40200,     0,
06283, 20160421, 1930,        10Min,          D1H,             0,     0,
06283, 20160421, 1930,        10Min,          Q1H,           .18,     0,
06283, 20160421, 1930,        10Min,         R12H,          .011,     0,
06283, 20160421, 1930,        10Min,          R1H,             0,     0,
06283, 20160421, 1930,        10Min,         R24H,          .011,     0,
06283, 20160421, 1930,        10Min,          R6H,     .00500001,     0,
06283, 20160421, 1930,        10Min,        Sav1H,      3.469167,     0,
06283, 20160421, 1930,        10Min,        Sax1H,          4.06,     0,
06283, 20160421, 1930,        10Min,        Sax3H,          4.18,     0,
06283, 20160421, 1930,        10Min,        Sax6H,          4.18,     0,
06283, 20160421, 1930,        10Min,         Sx1H,          5.58,     0,
06283, 20160421, 1930,        10Min,         Sx3H,          5.79,     0,
06283, 20160421, 1930,        10Min,         Sx6H,          7.59,     0,
06283, 20160421, 1930,        10Min,        Tgn12,             7,     0,
06283, 20160421, 1930,        10Min,        Tgn14,           1.2,     0,
06283, 20160421, 1930,        10Min,         Tgn6,             7,     0,
06283, 20160421, 1930,        10Min,         Tn12,             7,     0,
06283, 20160421, 1930,        10Min,         Tn14,           2.2,     0,
06283, 20160421, 1930,        10Min,          Tn6,           9.8,     0,
06283, 20160421, 1930,        10Min,         Tx12,          16.4,     0,
06283, 20160421, 1930,        10Min,         Tx24,          16.4,     0,
06283, 20160421, 1930,        10Min,          Tx6,          16.4,     0,
06283, 20160421, 1930,        10Min,           dd,           9.7,     0,
06283, 20160421, 1930,        10Min,           dn,         351.6,     0,
06283, 20160421, 1930,        10Min,           dr,             0,     0,
06283, 20160421, 1930,        10Min,          dsd,           6.4,     0,
06283, 20160421, 1930,        10Min,           dx,          29.5,     0,
06283, 20160421, 1930,        10Min,           ff,          4.06,     0,
06283, 20160421, 1930,        10Min,          ffs,          4.06,     0,
06283, 20160421, 1930,        10Min,          fsd,           .47,     0,
06283, 20160421, 1930,        10Min,           fx,          5.58,     0,
06283, 20160421, 1930,        10Min,          fxs,          5.58,     0,
06283, 20160421, 1930,        10Min,          gff,          5.58,     0,
06283, 20160421, 1930,        10Min,         gffs,          5.58,     0,
06283, 20160421, 1930,        10Min,           hm,              , 22064,
06283, 20160421, 1930,        10Min,          hm1,              , 22064,
06283, 20160421, 1930,        10Min,          hm2,              , 22064,
06283, 20160421, 1930,        10Min,          hm3,              , 22064,
06283, 20160421, 1930,        10Min,           nm,              , 22064,
06283, 20160421, 1930,        10Min,          nm1,              , 22064,
06283, 20160421, 1930,        10Min,          nm2,              , 22064,
06283, 20160421, 1930,        10Min,          nm3,              , 22064,
06283, 20160421, 1930,        10Min,           qg,             0,     0,
06283, 20160421, 1930,        10Min,          qgn,             0,     0,
06283, 20160421, 1930,        10Min,          qgx,             0,     0,
06283, 20160421, 1930,        10Min,           rg,             0,     0,
06283, 20160421, 1930,        10Min,           rh,            58,     0,
06283, 20160421, 1930,        10Min,          rhb,             0,     0,
06283, 20160421, 1930,        10Min,           sq,             0,     0,
06283, 20160421, 1930,        10Min,           ss,             0,     0,
06283, 20160421, 1930,        10Min,           ta,          10.4,     0,
06283, 20160421, 1930,        10Min,           tb,      6.640612,     0,
06283, 20160421, 1930,        10Min,           td,           2.6,     0,
06283, 20160421, 1930,        10Min,          tgn,           7.5,     0,
06283, 20160421, 1930,        10Min,           tn,           9.8,     0,
06283, 20160421, 1930,        10Min,          tsd,            .2,     0,
06283, 20160421, 1930,        10Min,           tx,          10.4,     0,
06286, 20160421, 1930,        10Min,          D1H,             0,     0,
06286, 20160421, 1930,        10Min,          Q1H,           .48,     0,
06286, 20160421, 1930,        10Min,         R12H,             0,     0,
06286, 20160421, 1930,        10Min,          R1H,             0,     0,
06286, 20160421, 1930,        10Min,         R24H,             0,     0,
06286, 20160421, 1930,        10Min,          R6H,             0,     0,
06286, 20160421, 1930,        10Min,        Sav1H,      4.469833,     0,
06286, 20160421, 1930,        10Min,        Sax1H,          5.46,     0,
06286, 20160421, 1930,        10Min,        Sax3H,          6.14,     0,
06286, 20160421, 1930,        10Min,        Sax6H,          6.14,     0,
06286, 20160421, 1930,        10Min,         Sx1H,          6.99,     0,
06286, 20160421, 1930,        10Min,         Sx3H,          8.33,     0,
06286, 20160421, 1930,        10Min,         Sx6H,          8.33,     0,
06286, 20160421, 1930,        10Min,        Tb1n6,            11,     0,
06286, 20160421, 1930,        10Min,        Tb1x6,          13.4,     0,
06286, 20160421, 1930,        10Min,        Tb2n6,            11,     0,
06286, 20160421, 1930,        10Min,        Tb2x6,          11.9,     0,
06286, 20160421, 1930,        10Min,        Tgn12,           5.1,     0,
06286, 20160421, 1930,        10Min,        Tgn14,           -.5,     0,
06286, 20160421, 1930,        10Min,         Tgn6,           5.1,     0,
06286, 20160421, 1930,        10Min,         Tn12,           5.8,     0,
06286, 20160421, 1930,        10Min,         Tn14,           -.3,     0,
06286, 20160421, 1930,        10Min,          Tn6,           5.8,     0,
06286, 20160421, 1930,        10Min,         Tx12,          13.1,     0,
06286, 20160421, 1930,        10Min,         Tx24,          13.1,     0,
06286, 20160421, 1930,        10Min,          Tx6,          13.1,     0,
06286, 20160421, 1930,        10Min,           dd,           1.8,     0,
06286, 20160421, 1930,        10Min,           dr,             0,     0,
06286, 20160421, 1930,        10Min,          dsd,           5.3,     0,
06286, 20160421, 1930,        10Min,           ff,          3.87,     0,
06286, 20160421, 1930,        10Min,          ffs,          3.87,     0,
06286, 20160421, 1930,        10Min,          fsd,           .35,     0,
06286, 20160421, 1930,        10Min,           fx,          5.19,     0,
06286, 20160421, 1930,        10Min,          fxs,          5.19,     0,
06286, 20160421, 1930,        10Min,          gff,          4.95,     0,
06286, 20160421, 1930,        10Min,         gffs,          4.95,     0,
06286, 20160421, 1930,        10Min,           hm,              , 22064,
06286, 20160421, 1930,        10Min,          hm1,              , 22064,
06286, 20160421, 1930,        10Min,          hm2,              , 22064,
06286, 20160421, 1930,        10Min,          hm3,              , 22064,
06286, 20160421, 1930,        10Min,           nm,              , 22064,
06286, 20160421, 1930,        10Min,          nm1,              , 22064,
06286, 20160421, 1930,        10Min,          nm2,              , 22064,
06286, 20160421, 1930,        10Min,          nm3,              , 22064,
06286, 20160421, 1930,        10Min,           qg,             0,     0,
06286, 20160421, 1930,        10Min,          qgn,             0,     0,
06286, 20160421, 1930,        10Min,          qgx,             0,     0,
06286, 20160421, 1930,        10Min,           rg,             0,     0,
06286, 20160421, 1930,        10Min,           rh,            88,     0,
06286, 20160421, 1930,        10Min,          rhb,             1,     0,
06286, 20160421, 1930,        10Min,           sq,             0,     0,
06286, 20160421, 1930,        10Min,           ss,             0,     0,
06286, 20160421, 1930,        10Min,           ta,           5.8,     0,
06286, 20160421, 1930,        10Min,           tb,      4.932923,     0,
06286, 20160421, 1930,        10Min,          tb1,            11,     0,
06286, 20160421, 1930,        10Min,          tb2,          11.4,     0,
06286, 20160421, 1930,        10Min,          tb3,            11,     0,
06286, 20160421, 1930,        10Min,          tb4,           9.6,     0,
06286, 20160421, 1930,        10Min,          tb5,           9.2,     0,
06286, 20160421, 1930,        10Min,           td,           4.1,     0,
06286, 20160421, 1930,        10Min,          tgn,           5.1,     0,
06286, 20160421, 1930,        10Min,           tn,           5.8,     0,
06286, 20160421, 1930,        10Min,           tx,             6,     0,
06310, 20160421, 1930,        10Min,          D1H,             0,     0,
06310, 20160421, 1930,        10Min,          Q1H,           .72,     0,
06310, 20160421, 1930,        10Min,         R12H,             0,     0,
06310, 20160421, 1930,        10Min,          R1H,             0,     0,
06310, 20160421, 1930,        10Min,         R24H,             0,     0,
06310, 20160421, 1930,        10Min,          R6H,             0,     0,
06310, 20160421, 1930,        10Min,        Sav1H,      5.939667,     0,
06310, 20160421, 1930,        10Min,        Sax1H,          6.49,     0,
06310, 20160421, 1930,        10Min,        Sax3H,          6.62,     0,
06310, 20160421, 1930,        10Min,        Sax6H,          6.62,     0,
06310, 20160421, 1930,        10Min,         Sx1H,          8.72,     0,
06310, 20160421, 1930,        10Min,         Sx3H,          9.26,     0,
06310, 20160421, 1930,        10Min,         Sx6H,          9.26,     0,
06310, 20160421, 1930,        10Min,        Tgn12,           9.6,     0,
06310, 20160421, 1930,        10Min,        Tgn14,           5.4,     0,
06310, 20160421, 1930,        10Min,         Tgn6,          11.6,     0,
06310, 20160421, 1930,        10Min,         Tn12,           8.2,     0,
06310, 20160421, 1930,        10Min,         Tn14,           6.1,     0,
06310, 20160421, 1930,        10Min,          Tn6,          12.4,     0,
06310, 20160421, 1930,        10Min,         Tx12,          16.6,     0,
06310, 20160421, 1930,        10Min,         Tx24,          16.6,     0,
06310, 20160421, 1930,        10Min,          Tx6,          16.6,     0,
06310, 20160421, 1930,        10Min,          W10,             0, 12832,
06310, 20160421, 1930,        10Min,       W10-10,             0, 12832,
06310, 20160421, 1930,        10Min,           dd,          27.8,     0,
06310, 20160421, 1930,        10Min,           dn,         357.2,     0,
06310, 20160421, 1930,        10Min,           dr,             0,     0,
06310, 20160421, 1930,        10Min,          dsd,           9.3,     0,
06310, 20160421, 1930,        10Min,           dx,          61.9,     0,
06310, 20160421, 1930,        10Min,           ff,          6.49,     0,
06310, 20160421, 1930,        10Min,          ffs,          6.49,     0,
06310, 20160421, 1930,        10Min,          fsd,           .92,     0,
06310, 20160421, 1930,        10Min,           fx,          8.72,     0,
06310, 20160421, 1930,        10Min,          fxs,          8.72,     0,
06310, 20160421, 1930,        10Min,          gff,          8.72,     0,
06310, 20160421, 1930,        10Min,         gffs,          8.72,     0,
06310, 20160421, 1930,        10Min,            h,      11524.92,     0,
06310, 20160421, 1930,        10Min,           h1,      11524.92,     0,
06310, 20160421, 1930,        10Min,           h2,             0,     0,
06310, 20160421, 1930,        10Min,           h3,             0,     0,
06310, 20160421, 1930,        10Min,           hc,      11524.92,     0,
06310, 20160421, 1930,        10Min,          hc1,      11524.92,     0,
06310, 20160421, 1930,        10Min,          hc2,             0,     0,
06310, 20160421, 1930,        10Min,          hc3,             0,     0,
06310, 20160421, 1930,        10Min,           hm,              , 22064,
06310, 20160421, 1930,        10Min,          hm1,              , 22064,
06310, 20160421, 1930,        10Min,          hm2,              , 22064,
06310, 20160421, 1930,        10Min,          hm3,              , 22064,
06310, 20160421, 1930,        10Min,            n,             8,     0,
06310, 20160421, 1930,        10Min,           n1,             8,     0,
06310, 20160421, 1930,        10Min,           n2,             0,     0,
06310, 20160421, 1930,        10Min,           n3,             0,     0,
06310, 20160421, 1930,        10Min,           nc,             8,     0,
06310, 20160421, 1930,        10Min,          nc1,             8,     0,
06310, 20160421, 1930,        10Min,          nc2,             0,     0,
06310, 20160421, 1930,        10Min,          nc3,             0,     0,
06310, 20160421, 1930,        10Min,          nhc,             8,     0,
06310, 20160421, 1930,        10Min,           nm,              , 22064,
06310, 20160421, 1930,        10Min,          nm1,              , 22064,
06310, 20160421, 1930,        10Min,          nm2,              , 22064,
06310, 20160421, 1930,        10Min,          nm3,              , 22064,
06310, 20160421, 1930,        10Min,           p0,      1020.299,     0,
06310, 20160421, 1930,        10Min,           pg,             0,     0,
06310, 20160421, 1930,        10Min,           pp,      1021.285,     0,
06310, 20160421, 1930,        10Min,           pr,             0,     0,
06310, 20160421, 1930,        10Min,           ps,        1020.2,     0,
06310, 20160421, 1930,        10Min,          pwc,             0,     0,
06310, 20160421, 1930,        10Min,           qg,             0,     0,
06310, 20160421, 1930,        10Min,          qgn,             0,     0,
06310, 20160421, 1930,        10Min,          qgx,             0,     0,
06310, 20160421, 1930,        10Min,          qnh,      1021.264,     0,
06310, 20160421, 1930,        10Min,           rg,             0,     0,
06310, 20160421, 1930,        10Min,           rh,            66,     0,
06310, 20160421, 1930,        10Min,          rhb,             0,     0,
06310, 20160421, 1930,        10Min,           sq,             0,     0,
06310, 20160421, 1930,        10Min,           ss,             0,     0,
06310, 20160421, 1930,        10Min,           ta,          12.4,     0,
06310, 20160421, 1930,        10Min,           tb,      9.184216,     0,
06310, 20160421, 1930,        10Min,           td,           6.3,     0,
06310, 20160421, 1930,        10Min,          tgn,          11.6,     0,
06310, 20160421, 1930,        10Min,           tn,          12.4,     0,
06310, 20160421, 1930,        10Min,          tsd,             0,     0,
06310, 20160421, 1930,        10Min,           tx,          12.5,     0,
06310, 20160421, 1930,        10Min,           vv,         21000,     0,
06310, 20160421, 1930,        10Min,           ww,             2, 12832,
06310, 20160421, 1930,        10Min,        ww-10,             2, 12832,
06310, 20160421, 1930,        10Min,           za,          6.26,     0,
06310, 20160421, 1930,        10Min,           zm,         21000,     0,
06319, 20160421, 1930,        10Min,          D1H,             0,     0,
06319, 20160421, 1930,        10Min,          Q1H,           .54,     0,
06319, 20160421, 1930,        10Min,         R12H,             0,     0,
06319, 20160421, 1930,        10Min,          R1H,             0,     0,
06319, 20160421, 1930,        10Min,         R24H,             0,     0,
06319, 20160421, 1930,        10Min,          R6H,             0,     0,
06319, 20160421, 1930,        10Min,        Sav1H,      5.146167,     0,
06319, 20160421, 1930,        10Min,        Sax1H,          5.73,     0,
06319, 20160421, 1930,        10Min,        Sax3H,          7.01,     0,
06319, 20160421, 1930,        10Min,        Sax6H,          7.01,     0,
06319, 20160421, 1930,        10Min,         Sx1H,          8.27,     0,
06319, 20160421, 1930,        10Min,         Sx3H,          9.36,     0,
06319, 20160421, 1930,        10Min,         Sx6H,          9.46,     0,
06319, 20160421, 1930,        10Min,        Tgn12,           8.6,     0,
06319, 20160421, 1930,        10Min,        Tgn14,           4.2,     0,
06319, 20160421, 1930,        10Min,         Tgn6,          12.8,     0,
06319, 20160421, 1930,        10Min,         Tn12,           7.6,     0,
06319, 20160421, 1930,        10Min,         Tn14,           4.8,     0,
06319, 20160421, 1930,        10Min,          Tn6,          13.4,     0,
06319, 20160421, 1930,        10Min,         Tx12,          18.7,     0,
06319, 20160421, 1930,        10Min,         Tx24,          18.7,     0,
06319, 20160421, 1930,        10Min,          Tx6,          18.7,     0,
06319, 20160421, 1930,        10Min,          W10,             0, 12832,
06319, 20160421, 1930,        10Min,       W10-10,             0, 12832,
06319, 20160421, 1930,        10Min,           dd,            34,     0,
06319, 20160421, 1930,        10Min,           dr,             0,     0,
06319, 20160421, 1930,        10Min,          dsd,             7,     0,
06319, 20160421, 1930,        10Min,           ff,          5.73,     0,
06319, 20160421, 1930,        10Min,          ffs,          5.73,     0,
06319, 20160421, 1930,        10Min,          fsd,           .76,     0,
06319, 20160421, 1930,        10Min,           fx,          8.27,     0,
06319, 20160421, 1930,        10Min,          fxs,          8.27,     0,
06319, 20160421, 1930,        10Min,          gff,          8.27,     0,
06319, 20160421, 1930,        10Min,         gffs,          8.27,     0,
06319, 20160421, 1930,        10Min,           hm,              , 22064,
06319, 20160421, 1930,        10Min,          hm1,              , 22064,
06319, 20160421, 1930,        10Min,          hm2,              , 22064,
06319, 20160421, 1930,        10Min,          hm3,              , 22064,
06319, 20160421, 1930,        10Min,           nm,              , 22064,
06319, 20160421, 1930,        10Min,          nm1,              , 22064,
06319, 20160421, 1930,        10Min,          nm2,              , 22064,
06319, 20160421, 1930,        10Min,          nm3,              , 22064,
06319, 20160421, 1930,        10Min,           p0,      1020.775,     0,
06319, 20160421, 1930,        10Min,           pg,             0,     0,
06319, 20160421, 1930,        10Min,           pp,      1020.982,     0,
06319, 20160421, 1930,        10Min,           pr,             0,     0,
06319, 20160421, 1930,        10Min,           ps,        1020.6,     0,
06319, 20160421, 1930,        10Min,          pwc,             0,     0,
06319, 20160421, 1930,        10Min,           qg,             0,     0,
06319, 20160421, 1930,        10Min,          qgn,             0,     0,
06319, 20160421, 1930,        10Min,          qgx,             0,     0,
06319, 20160421, 1930,        10Min,          qnh,      1020.977,     0,
06319, 20160421, 1930,        10Min,           rg,             0,     0,
06319, 20160421, 1930,        10Min,           rh,            63,     0,
06319, 20160421, 1930,        10Min,          rhb,             0,     0,
06319, 20160421, 1930,        10Min,           sq,             0,     0,
06319, 20160421, 1930,        10Min,           ss,             0,     0,
06319, 20160421, 1930,        10Min,           ta,          13.4,     0,
06319, 20160421, 1930,        10Min,           tb,      9.761256,     0,
06319, 20160421, 1930,        10Min,           td,           6.7,     0,
06319, 20160421, 1930,        10Min,          tgn,          12.8,     0,
06319, 20160421, 1930,        10Min,           tn,          13.4,     0,
06319, 20160421, 1930,        10Min,           tx,          13.6,     0,
06319, 20160421, 1930,        10Min,           vv,         22600,     0,
06319, 20160421, 1930,        10Min,           ww,             0, 12832,
06319, 20160421, 1930,        10Min,        ww-10,             0, 12832,
06319, 20160421, 1930,        10Min,           za,             4,     0,
06319, 20160421, 1930,        10Min,           zm,         22600,     0,
06330, 20160421, 1930,        10Min,          D1H,             0,     0,
06330, 20160421, 1930,        10Min,          Q1H,            .3,     0,
06330, 20160421, 1930,        10Min,         R12H,             0,     0,
06330, 20160421, 1930,        10Min,          R1H,             0,     0,
06330, 20160421, 1930,        10Min,         R24H,             0,     0,
06330, 20160421, 1930,        10Min,          R6H,             0,     0,
06330, 20160421, 1930,        10Min,        Sav1H,         11.13,     0,
06330, 20160421, 1930,        10Min,        Sax1H,         11.52,     0,
06330, 20160421, 1930,        10Min,        Sax3H,         11.52,     0,
06330, 20160421, 1930,        10Min,        Sax6H,         11.52,     0,
06330, 20160421, 1930,        10Min,         Sx1H,         13.73,     0,
06330, 20160421, 1930,        10Min,         Sx3H,         13.73,     0,
06330, 20160421, 1930,        10Min,         Sx6H,         13.73,     0,
06330, 20160421, 1930,        10Min,        Tgn12,           9.6,     0,
06330, 20160421, 1930,        10Min,        Tgn14,           4.3,     0,
06330, 20160421, 1930,        10Min,         Tgn6,          10.7,     0,
06330, 20160421, 1930,        10Min,         Tn12,           8.6,     0,
06330, 20160421, 1930,        10Min,         Tn14,           4.8,     0,
06330, 20160421, 1930,        10Min,          Tn6,          10.7,     0,
06330, 20160421, 1930,        10Min,         Tx12,          16.4,     0,
06330, 20160421, 1930,        10Min,         Tx24,          16.4,     0,
06330, 20160421, 1930,        10Min,          Tx6,          14.7,     0,
06330, 20160421, 1930,        10Min,           dd,          36.2,     0,
06330, 20160421, 1930,        10Min,           dr,             0,     0,
06330, 20160421, 1930,        10Min,          dsd,           3.5,     0,
06330, 20160421, 1930,        10Min,           ff,          11.5,     0,
06330, 20160421, 1930,        10Min,          ffs,          11.5,     0,
06330, 20160421, 1930,        10Min,          fsd,           .78,     0,
06330, 20160421, 1930,        10Min,           fx,         13.73,     0,
06330, 20160421, 1930,        10Min,          fxs,         13.73,     0,
06330, 20160421, 1930,        10Min,          gff,         13.73,     0,
06330, 20160421, 1930,        10Min,         gffs,         13.73,     0,
06330, 20160421, 1930,        10Min,           hm,              , 22064,
06330, 20160421, 1930,        10Min,          hm1,              , 22064,
06330, 20160421, 1930,        10Min,          hm2,              , 22064,
06330, 20160421, 1930,        10Min,          hm3,              , 22064,
06330, 20160421, 1930,        10Min,           nm,              , 22064,
06330, 20160421, 1930,        10Min,          nm1,              , 22064,
06330, 20160421, 1930,        10Min,          nm2,              , 22064,
06330, 20160421, 1930,        10Min,          nm3,              , 22064,
06330, 20160421, 1930,        10Min,           p0,      1020.977,     0,
06330, 20160421, 1930,        10Min,           pp,      1022.436,     0,
06330, 20160421, 1930,        10Min,           ps,        1020.8,     0,
06330, 20160421, 1930,        10Min,           qg,             0,     0,
06330, 20160421, 1930,        10Min,          qgn,             0,     0,
06330, 20160421, 1930,        10Min,          qgx,             0,     0,
06330, 20160421, 1930,        10Min,          qnh,      1022.401,     0,
06330, 20160421, 1930,        10Min,           rg,             0,     0,
06330, 20160421, 1930,        10Min,           rh,            71,     0,
06330, 20160421, 1930,        10Min,          rhb,             0,     0,
06330, 20160421, 1930,        10Min,           sq,             0,     0,
06330, 20160421, 1930,        10Min,           ss,             0,     0,
06330, 20160421, 1930,        10Min,           ta,          11.2,     0,
06330, 20160421, 1930,        10Min,           tb,      8.590695,     0,
06330, 20160421, 1930,        10Min,           td,           6.3,     0,
06330, 20160421, 1930,        10Min,          tgn,            11,     0,
06330, 20160421, 1930,        10Min,           tn,          11.2,     0,
06330, 20160421, 1930,        10Min,           tx,          11.2,     0,
06343, 20160421, 1930,        10Min,        Sav1H,      5.938667,     0,
06343, 20160421, 1930,        10Min,        Sax1H,          7.17,     0,
06343, 20160421, 1930,        10Min,        Sax3H,          7.17,     0,
06343, 20160421, 1930,        10Min,        Sax6H,          7.17,     0,
06343, 20160421, 1930,        10Min,         Sx1H,          10.2,     0,
06343, 20160421, 1930,        10Min,         Sx3H,          10.2,     0,
06343, 20160421, 1930,        10Min,         Sx6H,          10.2,     0,
06343, 20160421, 1930,        10Min,           dd,          39.5,     0,
06343, 20160421, 1930,        10Min,          dsd,           8.1,     0,
06343, 20160421, 1930,        10Min,           ff,          7.17,     0,
06343, 20160421, 1930,        10Min,          ffs,          7.17,     0,
06343, 20160421, 1930,        10Min,          fsd,           .96,     0,
06343, 20160421, 1930,        10Min,           fx,          10.2,     0,
06343, 20160421, 1930,        10Min,          fxs,          10.2,     0,
06343, 20160421, 1930,        10Min,          gff,          10.2,     0,
06343, 20160421, 1930,        10Min,         gffs,          10.2,     0,
06343, 20160421, 1930,        10Min,           hm,              , 22064,
06343, 20160421, 1930,        10Min,          hm1,              , 22064,
06343, 20160421, 1930,        10Min,          hm2,              , 22064,
06343, 20160421, 1930,        10Min,          hm3,              , 22064,
06343, 20160421, 1930,        10Min,           nm,              , 22064,
06343, 20160421, 1930,        10Min,          nm1,              , 22064,
06343, 20160421, 1930,        10Min,          nm2,              , 22064,
06343, 20160421, 1930,        10Min,          nm3,              , 22064,
06348, 20160421, 1930,        10Min,          D1H,             0,     0,
06348, 20160421, 1930,        10Min,          Q1H,           .42,     0,
06348, 20160421, 1930,        10Min,         R12H,             0,     0,
06348, 20160421, 1930,        10Min,          R1H,             0,     0,
06348, 20160421, 1930,        10Min,         R24H,             0,     0,
06348, 20160421, 1930,        10Min,          R6H,             0,     0,
06348, 20160421, 1930,        10Min,        Sav1H,      3.863333,     0,
06348, 20160421, 1930,        10Min,        Sax1H,          4.16,     0,
06348, 20160421, 1930,        10Min,        Sax3H,          5.48,     0,
06348, 20160421, 1930,        10Min,        Sax6H,          5.58,     0,
06348, 20160421, 1930,        10Min,         Sx1H,          5.56,     0,
06348, 20160421, 1930,        10Min,         Sx3H,          7.34,     0,
06348, 20160421, 1930,        10Min,         Sx6H,          8.43,     0,
06348, 20160421, 1930,        10Min,        Tgn12,             8,     0,
06348, 20160421, 1930,        10Min,        Tgn14,             2,     0,
06348, 20160421, 1930,        10Min,         Tgn6,             8,     0,
06348, 20160421, 1930,        10Min,         Tn12,           7.3,     0,
06348, 20160421, 1930,        10Min,         Tn14,           3.6,     0,
06348, 20160421, 1930,        10Min,          Tn6,           9.8,     0,
06348, 20160421, 1930,        10Min,         Tx12,          16.8,     0,
06348, 20160421, 1930,        10Min,         Tx24,          16.8,     0,
06348, 20160421, 1930,        10Min,          Tx6,          16.8,     0,
06348, 20160421, 1930,        10Min,          W10,             0, 12832,
06348, 20160421, 1930,        10Min,       W10-10,             0, 12832,
06348, 20160421, 1930,        10Min,           dd,          16.9,     0,
06348, 20160421, 1930,        10Min,           dr,             0,     0,
06348, 20160421, 1930,        10Min,          dsd,           7.8,     0,
06348, 20160421, 1930,        10Min,           ff,          3.65,     0,
06348, 20160421, 1930,        10Min,          ffs,          3.65,     0,
06348, 20160421, 1930,        10Min,          fsd,           .51,     0,
06348, 20160421, 1930,        10Min,           fx,          5.34,     0,
06348, 20160421, 1930,        10Min,          fxs,          5.34,     0,
06348, 20160421, 1930,        10Min,          gff,           4.9,     0,
06348, 20160421, 1930,        10Min,         gffs,           4.9,     0,
06348, 20160421, 1930,        10Min,           hm,              , 22064,
06348, 20160421, 1930,        10Min,          hm1,              , 22064,
06348, 20160421, 1930,        10Min,          hm2,              , 22064,
06348, 20160421, 1930,        10Min,          hm3,              , 22064,
06348, 20160421, 1930,        10Min,           nm,              , 22064,
06348, 20160421, 1930,        10Min,          nm1,              , 22064,
06348, 20160421, 1930,        10Min,          nm2,              , 22064,
06348, 20160421, 1930,        10Min,          nm3,              , 22064,
06348, 20160421, 1930,        10Min,           p0,      1022.494,     0,
06348, 20160421, 1930,        10Min,           pg,             0,     0,
06348, 20160421, 1930,        10Min,           pp,      1022.406,     0,
06348, 20160421, 1930,        10Min,           pr,             0,     0,
06348, 20160421, 1930,        10Min,           ps,        1022.3,     0,
06348, 20160421, 1930,        10Min,          pwc,             0,     0,
06348, 20160421, 1930,        10Min,           qg,             0,     0,
06348, 20160421, 1930,        10Min,          qgn,             0,     0,
06348, 20160421, 1930,        10Min,          qgx,             0,     0,
06348, 20160421, 1930,        10Min,          qnh,      1022.409,     0,
06348, 20160421, 1930,        10Min,           rg,             0,     0,
06348, 20160421, 1930,        10Min,           rh,            79,     0,
06348, 20160421, 1930,        10Min,          rhb,             0,     0,
06348, 20160421, 1930,        10Min,           sq,             0,     0,
06348, 20160421, 1930,        10Min,           ss,             0,     0,
06348, 20160421, 1930,        10Min,           ta,           9.8,     0,
06348, 20160421, 1930,        10Min,           tb,      8.022743,     0,
06348, 20160421, 1930,        10Min,           td,           6.4,     0,
06348, 20160421, 1930,        10Min,          tgn,           8.1,     0,
06348, 20160421, 1930,        10Min,           tn,           9.8,     0,
06348, 20160421, 1930,        10Min,          tsd,            .1,     0,
06348, 20160421, 1930,        10Min,           tx,          10.1,     0,
06348, 20160421, 1930,        10Min,           ww,             0, 12832,
06348, 20160421, 1930,        10Min,        ww-10,             0, 12832,
06348, 20160421, 1930,        10Min,           zm,         26400,     0,
06356, 20160421, 1930,        10Min,          D1H,             0,     0,
06356, 20160421, 1930,        10Min,          Q1H,           .24,     0,
06356, 20160421, 1930,        10Min,         R12H,             0,     0,
06356, 20160421, 1930,        10Min,          R1H,             0,     0,
06356, 20160421, 1930,        10Min,         R24H,             0,     0,
06356, 20160421, 1930,        10Min,          R6H,             0,     0,
06356, 20160421, 1930,        10Min,        Sav1H,      3.323667,     0,
06356, 20160421, 1930,        10Min,        Sax1H,          3.63,     0,
06356, 20160421, 1930,        10Min,        Sax3H,          3.81,     0,
06356, 20160421, 1930,        10Min,        Sax6H,          4.51,     0,
06356, 20160421, 1930,        10Min,         Sx1H,          5.19,     0,
06356, 20160421, 1930,        10Min,         Sx3H,          5.73,     0,
06356, 20160421, 1930,        10Min,         Sx6H,          6.53,     0,
06356, 20160421, 1930,        10Min,        Tgn12,           8.9,     0,
06356, 20160421, 1930,        10Min,        Tgn14,           2.5,     0,
06356, 20160421, 1930,        10Min,         Tgn6,             9,     0,
06356, 20160421, 1930,        10Min,         Tn12,           7.6,     0,
06356, 20160421, 1930,        10Min,         Tn14,             3,     0,
06356, 20160421, 1930,        10Min,          Tn6,          10.3,     0,
06356, 20160421, 1930,        10Min,         Tx12,          17.8,     0,
06356, 20160421, 1930,        10Min,         Tx24,          17.8,     0,
06356, 20160421, 1930,        10Min,          Tx6,          17.8,     0,
06356, 20160421, 1930,        10Min,           dd,            22,     0,
06356, 20160421, 1930,        10Min,           dr,             0,     0,
06356, 20160421, 1930,        10Min,          dsd,             7,     0,
06356, 20160421, 1930,        10Min,           ff,          3.63,     0,
06356, 20160421, 1930,        10Min,          ffs,          3.63,     0,
06356, 20160421, 1930,        10Min,          fsd,           .41,     0,
06356, 20160421, 1930,        10Min,           fx,          5.19,     0,
06356, 20160421, 1930,        10Min,          fxs,          5.19,     0,
06356, 20160421, 1930,        10Min,          gff,          4.95,     0,
06356, 20160421, 1930,        10Min,         gffs,          4.95,     0,
06356, 20160421, 1930,        10Min,            h,      17354.92,     0,
06356, 20160421, 1930,        10Min,           h1,      17354.92,     0,
06356, 20160421, 1930,        10Min,           h2,             0,     0,
06356, 20160421, 1930,        10Min,           h3,             0,     0,
06356, 20160421, 1930,        10Min,           hc,      17354.92,     0,
06356, 20160421, 1930,        10Min,          hc1,      17354.92,     0,
06356, 20160421, 1930,        10Min,          hc2,             0,     0,
06356, 20160421, 1930,        10Min,          hc3,             0,     0,
06356, 20160421, 1930,        10Min,            n,             3,     0,
06356, 20160421, 1930,        10Min,           n1,             3,     0,
06356, 20160421, 1930,        10Min,           n2,             0,     0,
06356, 20160421, 1930,        10Min,           n3,             0,     0,
06356, 20160421, 1930,        10Min,           nc,             3,     0,
06356, 20160421, 1930,        10Min,          nc1,             3,     0,
06356, 20160421, 1930,        10Min,          nc2,             0,     0,
06356, 20160421, 1930,        10Min,          nc3,             0,     0,
06356, 20160421, 1930,        10Min,          nhc,             0,     0,
06356, 20160421, 1930,        10Min,           p0,      1021.935,     0,
06356, 20160421, 1930,        10Min,           pp,      1022.016,     0,
06356, 20160421, 1930,        10Min,           ps,        1021.7,     0,
06356, 20160421, 1930,        10Min,           qg,             0,     0,
06356, 20160421, 1930,        10Min,          qgn,             0,     0,
06356, 20160421, 1930,        10Min,          qgx,             0,     0,
06356, 20160421, 1930,        10Min,          qnh,      1022.014,     0,
06356, 20160421, 1930,        10Min,           rg,             0,     0,
06356, 20160421, 1930,        10Min,           rh,            65,     0,
06356, 20160421, 1930,        10Min,          rhb,             0,     0,
06356, 20160421, 1930,        10Min,           sq,             0,     0,
06356, 20160421, 1930,        10Min,           ss,             0,     0,
06356, 20160421, 1930,        10Min,           ta,          10.3,     0,
06356, 20160421, 1930,        10Min,           tb,      7.223249,     0,
06356, 20160421, 1930,        10Min,           td,           4.1,     0,
06356, 20160421, 1930,        10Min,          tgn,             9,     0,
06356, 20160421, 1930,        10Min,           tn,          10.3,     0,
06356, 20160421, 1930,        10Min,           tx,          10.6,     0,
06377, 20160421, 1930,        10Min,          D1H,             0,     0,
06377, 20160421, 1930,        10Min,          Q1H,           .18,     0,
06377, 20160421, 1930,        10Min,         R12H,             0,     0,
06377, 20160421, 1930,        10Min,          R1H,             0,     0,
06377, 20160421, 1930,        10Min,         R24H,             0,     0,
06377, 20160421, 1930,        10Min,          R6H,             0,     0,
06377, 20160421, 1930,        10Min,        Sav1H,      3.849167,     0,
06377, 20160421, 1930,        10Min,        Sax1H,          4.59,     0,
06377, 20160421, 1930,        10Min,        Sax3H,          4.59,     0,
06377, 20160421, 1930,        10Min,        Sax6H,          5.07,     0,
06377, 20160421, 1930,        10Min,         Sx1H,          6.57,     0,
06377, 20160421, 1930,        10Min,         Sx3H,           6.6,     0,
06377, 20160421, 1930,        10Min,         Sx6H,          8.37,     0,
06377, 20160421, 1930,        10Min,        Tgn12,           9.6,     0,
06377, 20160421, 1930,        10Min,        Tgn14,           2.9,     0,
06377, 20160421, 1930,        10Min,         Tgn6,            11,     0,
06377, 20160421, 1930,        10Min,         Tn12,           8.6,     0,
06377, 20160421, 1930,        10Min,         Tn14,           3.8,     0,
06377, 20160421, 1930,        10Min,          Tn6,          12.7,     0,
06377, 20160421, 1930,        10Min,         Tx12,          19.3,     0,
06377, 20160421, 1930,        10Min,         Tx24,          19.3,     0,
06377, 20160421, 1930,        10Min,          Tx6,          19.3,     0,
06377, 20160421, 1930,        10Min,          W10,             0, 12832,
06377, 20160421, 1930,        10Min,       W10-10,             0, 12832,
06377, 20160421, 1930,        10Min,           dd,          17.7,     0,
06377, 20160421, 1930,        10Min,           dr,             0,     0,
06377, 20160421, 1930,        10Min,          dsd,           8.8,     0,
06377, 20160421, 1930,        10Min,           ff,          3.27,     0,
06377, 20160421, 1930,        10Min,          ffs,          3.27,     0,
06377, 20160421, 1930,        10Min,          fsd,           .47,     0,
06377, 20160421, 1930,        10Min,           fx,          5.58,     0,
06377, 20160421, 1930,        10Min,          fxs,          5.58,     0,
06377, 20160421, 1930,        10Min,          gff,          4.78,     0,
06377, 20160421, 1930,        10Min,         gffs,          4.78,     0,
06377, 20160421, 1930,        10Min,            h,      13594.92,     0,
06377, 20160421, 1930,        10Min,           h1,      13594.92,     0,
06377, 20160421, 1930,        10Min,           h2,             0,     0,
06377, 20160421, 1930,        10Min,           h3,             0,     0,
06377, 20160421, 1930,        10Min,           hc,      13594.92,     0,
06377, 20160421, 1930,        10Min,          hc1,      13594.92,     0,
06377, 20160421, 1930,        10Min,          hc2,             0,     0,
06377, 20160421, 1930,        10Min,          hc3,             0,     0,
06377, 20160421, 1930,        10Min,           hm,              , 22064,
06377, 20160421, 1930,        10Min,          hm1,              , 22064,
06377, 20160421, 1930,        10Min,          hm2,              , 22064,
06377, 20160421, 1930,        10Min,          hm3,              , 22064,
06377, 20160421, 1930,        10Min,            n,             8,     0,
06377, 20160421, 1930,        10Min,           n1,             8,     0,
06377, 20160421, 1930,        10Min,           n2,             0,     0,
06377, 20160421, 1930,        10Min,           n3,             0,     0,
06377, 20160421, 1930,        10Min,           nc,             8,     0,
06377, 20160421, 1930,        10Min,          nc1,             8,     0,
06377, 20160421, 1930,        10Min,          nc2,             0,     0,
06377, 20160421, 1930,        10Min,          nc3,             0,     0,
06377, 20160421, 1930,        10Min,          nhc,             8,     0,
06377, 20160421, 1930,        10Min,           nm,              , 22064,
06377, 20160421, 1930,        10Min,          nm1,              , 22064,
06377, 20160421, 1930,        10Min,          nm2,              , 22064,
06377, 20160421, 1930,        10Min,          nm3,              , 22064,
06377, 20160421, 1930,        10Min,           pg,             0,     0,
06377, 20160421, 1930,        10Min,           pr,             0,     0,
06377, 20160421, 1930,        10Min,          pwc,             0,     0,
06377, 20160421, 1930,        10Min,           qg,             0,     0,
06377, 20160421, 1930,        10Min,          qgn,             0,     0,
06377, 20160421, 1930,        10Min,          qgx,             0,     0,
06377, 20160421, 1930,        10Min,           rg,             0,     0,
06377, 20160421, 1930,        10Min,           rh,            57,     0,
06377, 20160421, 1930,        10Min,          rhb,             0,     0,
06377, 20160421, 1930,        10Min,           sq,             0,     0,
06377, 20160421, 1930,        10Min,           ss,             0,     0,
06377, 20160421, 1930,        10Min,           ta,          12.7,     0,
06377, 20160421, 1930,        10Min,           tb,      8.514436,     0,
06377, 20160421, 1930,        10Min,           td,           4.5,     0,
06377, 20160421, 1930,        10Min,          tgn,            11,     0,
06377, 20160421, 1930,        10Min,           tn,          12.7,     0,
06377, 20160421, 1930,        10Min,           tx,          13.1,     0,
06377, 20160421, 1930,        10Min,           vv,         25200,     0,
06377, 20160421, 1930,        10Min,           ww,             2, 12832,
06377, 20160421, 1930,        10Min,        ww-10,             2, 12832,
06377, 20160421, 1930,        10Min,           za,          9.33,     0,
06377, 20160421, 1930,        10Min,           zm,         25200,     0,
06391, 20160421, 1930,        10Min,          D1H,             0,     0,
06391, 20160421, 1930,        10Min,          Q1H,           .18,     0,
06391, 20160421, 1930,        10Min,         R12H,             0,     0,
06391, 20160421, 1930,        10Min,          R1H,             0,     0,
06391, 20160421, 1930,        10Min,         R24H,             0,     0,
06391, 20160421, 1930,        10Min,          R6H,             0,     0,
06391, 20160421, 1930,        10Min,        Sav1H,      3.387833,     0,
06391, 20160421, 1930,        10Min,        Sax1H,          3.75,     0,
06391, 20160421, 1930,        10Min,        Sax3H,           4.9,     0,
06391, 20160421, 1930,        10Min,        Sax6H,           4.9,     0,
06391, 20160421, 1930,        10Min,         Sx1H,          5.75,     0,
06391, 20160421, 1930,        10Min,         Sx3H,          7.32,     0,
06391, 20160421, 1930,        10Min,         Sx6H,          7.96,     0,
06391, 20160421, 1930,        10Min,        Tgn12,           9.4,     0,
06391, 20160421, 1930,        10Min,        Tgn14,           3.3,     0,
06391, 20160421, 1930,        10Min,         Tgn6,          11.6,     0,
06391, 20160421, 1930,        10Min,         Tn12,           8.5,     0,
06391, 20160421, 1930,        10Min,         Tn14,           4.1,     0,
06391, 20160421, 1930,        10Min,          Tn6,          12.8,     0,
06391, 20160421, 1930,        10Min,         Tx12,          18.7,     0,
06391, 20160421, 1930,        10Min,         Tx24,          18.7,     0,
06391, 20160421, 1930,        10Min,          Tx6,          18.7,     0,
06391, 20160421, 1930,        10Min,           dd,           8.8,     0,
06391, 20160421, 1930,        10Min,           dr,             0,     0,
06391, 20160421, 1930,        10Min,          dsd,           8.6,     0,
06391, 20160421, 1930,        10Min,           ff,          3.75,     0,
06391, 20160421, 1930,        10Min,          ffs,          3.75,     0,
06391, 20160421, 1930,        10Min,          fsd,           .55,     0,
06391, 20160421, 1930,        10Min,           fx,          5.75,     0,
06391, 20160421, 1930,        10Min,          fxs,          5.75,     0,
06391, 20160421, 1930,        10Min,          gff,          5.75,     0,
06391, 20160421, 1930,        10Min,         gffs,          5.75,     0,
06391, 20160421, 1930,        10Min,           hm,              , 22064,
06391, 20160421, 1930,        10Min,          hm1,              , 22064,
06391, 20160421, 1930,        10Min,          hm2,              , 22064,
06391, 20160421, 1930,        10Min,          hm3,              , 22064,
06391, 20160421, 1930,        10Min,           nm,              , 22064,
06391, 20160421, 1930,        10Min,          nm1,              , 22064,
06391, 20160421, 1930,        10Min,          nm2,              , 22064,
06391, 20160421, 1930,        10Min,          nm3,              , 22064,
06391, 20160421, 1930,        10Min,           qg,             0,     0,
06391, 20160421, 1930,        10Min,          qgn,             0,     0,
06391, 20160421, 1930,        10Min,          qgx,             0,     0,
06391, 20160421, 1930,        10Min,           rg,             0,     0,
06391, 20160421, 1930,        10Min,           rh,            55,     0,
06391, 20160421, 1930,        10Min,          rhb,             0,     0,
06391, 20160421, 1930,        10Min,           sq,             0,     0,
06391, 20160421, 1930,        10Min,           ss,             0,     0,
06391, 20160421, 1930,        10Min,           ta,          12.8,     0,
06391, 20160421, 1930,        10Min,           tb,      8.389777,     0,
06391, 20160421, 1930,        10Min,           td,             4,     0,
06391, 20160421, 1930,        10Min,          tgn,          11.7,     0,
06391, 20160421, 1930,        10Min,           tn,          12.8,     0,
06391, 20160421, 1930,        10Min,           tx,            13,     0,
06215, 20160421, 1930,        10Min,          D1H,             0,     0,
06215, 20160421, 1930,        10Min,          Q1H,            .6,     0,
06215, 20160421, 1930,        10Min,         R12H,             0,     0,
06215, 20160421, 1930,        10Min,          R1H,             0,     0,
06215, 20160421, 1930,        10Min,         R24H,             0,     0,
06215, 20160421, 1930,        10Min,          R6H,             0,     0,
06215, 20160421, 1930,        10Min,        Sav1H,      5.043667,     0,
06215, 20160421, 1930,        10Min,        Sax1H,          6.22,     0,
06215, 20160421, 1930,        10Min,        Sax3H,          6.22,     0,
06215, 20160421, 1930,        10Min,        Sax6H,          6.22,     0,
06215, 20160421, 1930,        10Min,         Sx1H,          9.05,     0,
06215, 20160421, 1930,        10Min,         Sx3H,          9.05,     0,
06215, 20160421, 1930,        10Min,         Sx6H,          9.05,     0,
06215, 20160421, 1930,        10Min,        Tgn12,          10.1,     0,
06215, 20160421, 1930,        10Min,        Tgn14,           3.8,     0,
06215, 20160421, 1930,        10Min,         Tgn6,          10.4,     0,
06215, 20160421, 1930,        10Min,         Tn12,           8.3,     0,
06215, 20160421, 1930,        10Min,         Tn14,           4.8,     0,
06215, 20160421, 1930,        10Min,          Tn6,          11.1,     0,
06215, 20160421, 1930,        10Min,         Tx12,          15.3,     0,
06215, 20160421, 1930,        10Min,         Tx24,          15.3,     0,
06215, 20160421, 1930,        10Min,          Tx6,          15.3,     0,
06215, 20160421, 1930,        10Min,          W10,             0, 12832,
06215, 20160421, 1930,        10Min,       W10-10,             0, 12832,
06215, 20160421, 1930,        10Min,           dd,          32.7,     0,
06215, 20160421, 1930,        10Min,           dn,           2.8,     0,
06215, 20160421, 1930,        10Min,           dr,             0,     0,
