06215, 20161105, 0350,        10Min,          D1H,      23.40001,     0,
06215, 20161105, 0350,        10Min,          Q1H,             0,     0,
06215, 20161105, 0350,        10Min,         R12H,      4.505333,     0,
06215, 20161105, 0350,        10Min,          R1H,          .062,     0,
06215, 20161105, 0350,        10Min,         R24H,      4.869333,     0,
06215, 20161105, 0350,        10Min,          R6H,      2.512505,     0,
06215, 20161105, 0350,        10Min,        Sav1H,      .8421667,     0,
06215, 20161105, 0350,        10Min,        Sax1H,          1.25,     0,
06215, 20161105, 0350,        10Min,        Sax3H,          3.87,     0,
06215, 20161105, 0350,        10Min,        Sax6H,          4.57,     0,
06215, 20161105, 0350,        10Min,         Sx1H,          2.16,     0,
06215, 20161105, 0350,        10Min,         Sx3H,          5.34,     0,
06215, 20161105, 0350,        10Min,         Sx6H,          6.72,     0,
06215, 20161105, 0350,        10Min,        Tgn12,           6.6,     0,
06215, 20161105, 0350,        10Min,        Tgn14,           6.6,     0,
06215, 20161105, 0350,        10Min,         Tgn6,           6.6,     0,
06215, 20161105, 0350,        10Min,         Tn12,           6.7,     0,
06215, 20161105, 0350,        10Min,         Tn14,           6.7,     0,
06215, 20161105, 0350,        10Min,          Tn6,           6.7,     0,
06215, 20161105, 0350,        10Min,         Tx12,           9.2,     0,
06215, 20161105, 0350,        10Min,         Tx24,          10.3,     0,
06215, 20161105, 0350,        10Min,          Tx6,           7.3,     0,
06215, 20161105, 0350,        10Min,          W10,             8, 12832,
06215, 20161105, 0350,        10Min,       W10-10,             5, 12832,
06215, 20161105, 0350,        10Min,           dd,         252.9,     0,
06215, 20161105, 0350,        10Min,           dn,         251.7,     0,
06215, 20161105, 0350,        10Min,           dr,            72,     0,
06215, 20161105, 0350,        10Min,          dsd,           1.8,     0,
06215, 20161105, 0350,        10Min,           dx,         253.1,     0,
06215, 20161105, 0350,        10Min,           ff,          1.11,     0,
06215, 20161105, 0350,        10Min,          ffs,          1.11,     0,
06215, 20161105, 0350,        10Min,          fsd,            .2,     0,
06215, 20161105, 0350,        10Min,           fx,          1.52,     0,
06215, 20161105, 0350,        10Min,          fxs,          1.52,     0,
06215, 20161105, 0350,        10Min,          gff,          1.44,     0,
06215, 20161105, 0350,        10Min,         gffs,          1.44,     0,
06215, 20161105, 0350,        10Min,            h,      2524.921,     0,
06215, 20161105, 0350,        10Min,           h1,      2524.921,     0,
06215, 20161105, 0350,        10Min,           h2,      3904.921,     0,
06215, 20161105, 0350,        10Min,           h3,      4704.921,     0,
06215, 20161105, 0350,        10Min,           hc,      2524.921,     0,
06215, 20161105, 0350,        10Min,          hc1,      2524.921,     0,
06215, 20161105, 0350,        10Min,          hc2,      3904.921,     0,
06215, 20161105, 0350,        10Min,          hc3,      4704.921,     0,
06215, 20161105, 0350,        10Min,            n,             8,     0,
06215, 20161105, 0350,        10Min,           n1,             2,     0,
06215, 20161105, 0350,        10Min,           n2,             7,     0,
06215, 20161105, 0350,        10Min,           n3,             8,     0,
06215, 20161105, 0350,        10Min,           nc,             8,     0,
06215, 20161105, 0350,        10Min,          nc1,             2,     0,
06215, 20161105, 0350,        10Min,          nc2,             7,     0,
06215, 20161105, 0350,        10Min,          nc3,             8,     0,
06215, 20161105, 0350,        10Min,          nhc,             8,     0,
06215, 20161105, 0350,        10Min,           p0,      1001.094,     0,
06215, 20161105, 0350,        10Min,           pg,          .113,     0,
06215, 20161105, 0350,        10Min,           pp,      1000.954,     0,
06215, 20161105, 0350,        10Min,           pr,           312,     0,
06215, 20161105, 0350,        10Min,           ps,        1000.9,     0,
06215, 20161105, 0350,        10Min,          pwc,            60,     0,
06215, 20161105, 0350,        10Min,           qg,             0,     0,
06215, 20161105, 0350,        10Min,          qgn,             0,     0,
06215, 20161105, 0350,        10Min,          qgx,             0,     0,
06215, 20161105, 0350,        10Min,          qnh,      1000.955,     0,
06215, 20161105, 0350,        10Min,           rg,          .054,     0,
06215, 20161105, 0350,        10Min,           rh,            99,     0,
06215, 20161105, 0350,        10Min,          rhb,             1,     0,
06215, 20161105, 0350,        10Min,           sq,             0,     0,
06215, 20161105, 0350,        10Min,           ss,             0,     0,
06215, 20161105, 0350,        10Min,           ta,           6.8,     0,
06215, 20161105, 0350,        10Min,           tb,       6.72535,     0,
06215, 20161105, 0350,        10Min,           td,           6.7,     0,
06215, 20161105, 0350,        10Min,          tgn,           6.6,     0,
06215, 20161105, 0350,        10Min,           tn,           6.8,     0,
06215, 20161105, 0350,        10Min,          tsd,             0,     0,
06215, 20161105, 0350,        10Min,           tx,           6.8,     0,
06215, 20161105, 0350,        10Min,           vv,       1667.58,     0,
06215, 20161105, 0350,        10Min,           ww,            81, 12832,
06215, 20161105, 0350,        10Min,        ww-10,            51, 12832,
06215, 20161105, 0350,        10Min,           za,          4.28,     0,
06215, 20161105, 0350,        10Min,           zm,          1180,     0,
06235, 20161105, 0350,        10Min,          D1H,          20.4,     0,
06235, 20161105, 0350,        10Min,          Q1H,             0,     0,
06235, 20161105, 0350,        10Min,         R12H,      13.83283,     0,
06235, 20161105, 0350,        10Min,          R1H,          .117,     0,
06235, 20161105, 0350,        10Min,         R24H,      15.86715,     0,
06235, 20161105, 0350,        10Min,          R6H,      5.025677,     0,
06235, 20161105, 0350,        10Min,        Sav1H,      1.428333,     0,
06235, 20161105, 0350,        10Min,        Sax1H,          1.93,     0,
06235, 20161105, 0350,        10Min,        Sax3H,          1.93,     0,
06235, 20161105, 0350,        10Min,        Sax6H,          2.59,     0,
06235, 20161105, 0350,        10Min,         Sx1H,          2.43,     0,
06235, 20161105, 0350,        10Min,         Sx3H,          2.43,     0,
06235, 20161105, 0350,        10Min,         Sx6H,          3.58,     0,
06235, 20161105, 0350,        10Min,        Tgn12,           6.5,     0,
06235, 20161105, 0350,        10Min,        Tgn14,           6.5,     0,
06235, 20161105, 0350,        10Min,         Tgn6,           6.5,     0,
06235, 20161105, 0350,        10Min,         Tn12,           6.8,     0,
06235, 20161105, 0350,        10Min,         Tn14,           6.8,     0,
06235, 20161105, 0350,        10Min,          Tn6,           6.8,     0,
06235, 20161105, 0350,        10Min,         Tx12,           9.8,     0,
06235, 20161105, 0350,        10Min,         Tx24,          11.3,     0,
06235, 20161105, 0350,        10Min,          Tx6,           8.4,     0,
06235, 20161105, 0350,        10Min,          W10,             0, 12832,
06235, 20161105, 0350,        10Min,       W10-10,             0, 12832,
06235, 20161105, 0350,        10Min,           dd,         257.7,     0,
06235, 20161105, 0350,        10Min,           dr,             0,     0,
06235, 20161105, 0350,        10Min,          dsd,           6.9,     0,
06235, 20161105, 0350,        10Min,           ff,          1.85,     0,
06235, 20161105, 0350,        10Min,          ffs,          1.85,     0,
06235, 20161105, 0350,        10Min,          fsd,           .18,     0,
06235, 20161105, 0350,        10Min,           fx,          2.43,     0,
06235, 20161105, 0350,        10Min,          fxs,          2.43,     0,
06235, 20161105, 0350,        10Min,          gff,          2.26,     0,
06235, 20161105, 0350,        10Min,         gffs,          2.26,     0,
06235, 20161105, 0350,        10Min,            h,      3924.921,     0,
06235, 20161105, 0350,        10Min,           h1,      3924.921,     0,
06235, 20161105, 0350,        10Min,           h2,      4454.921,     0,
06235, 20161105, 0350,        10Min,           h3,             0,     0,
06235, 20161105, 0350,        10Min,           hc,      3924.921,     0,
06235, 20161105, 0350,        10Min,          hc1,      3924.921,     0,
06235, 20161105, 0350,        10Min,          hc2,      4454.921,     0,
06235, 20161105, 0350,        10Min,          hc3,             0,     0,
06235, 20161105, 0350,        10Min,           hm,              , 22064,
06235, 20161105, 0350,        10Min,          hm1,              , 22064,
06235, 20161105, 0350,        10Min,          hm2,              , 22064,
06235, 20161105, 0350,        10Min,          hm3,              , 22064,
06235, 20161105, 0350,        10Min,            n,             8,     0,
06235, 20161105, 0350,        10Min,           n1,             1,     0,
06235, 20161105, 0350,        10Min,           n2,             8,     0,
06235, 20161105, 0350,        10Min,           n3,             0,     0,
06235, 20161105, 0350,        10Min,           nc,             8,     0,
06235, 20161105, 0350,        10Min,          nc1,             1,     0,
06235, 20161105, 0350,        10Min,          nc2,             8,     0,
06235, 20161105, 0350,        10Min,          nc3,             0,     0,
06235, 20161105, 0350,        10Min,          nhc,             8,     0,
06235, 20161105, 0350,        10Min,           nm,              , 22064,
06235, 20161105, 0350,        10Min,          nm1,              , 22064,
06235, 20161105, 0350,        10Min,          nm2,              , 22064,
06235, 20161105, 0350,        10Min,          nm3,              , 22064,
06235, 20161105, 0350,        10Min,           p0,      1000.267,     0,
06235, 20161105, 0350,        10Min,           pg,             0,     0,
06235, 20161105, 0350,        10Min,           pp,      1000.336,     0,
06235, 20161105, 0350,        10Min,           pr,             0,     0,
06235, 20161105, 0350,        10Min,           ps,        1000.2,     0,
06235, 20161105, 0350,        10Min,          pwc,             0,     0,
06235, 20161105, 0350,        10Min,           qg,             0,     0,
06235, 20161105, 0350,        10Min,          qgn,             0,     0,
06235, 20161105, 0350,        10Min,          qgx,             0,     0,
06235, 20161105, 0350,        10Min,          qnh,      1000.335,     0,
06235, 20161105, 0350,        10Min,           rg,             0,     0,
06235, 20161105, 0350,        10Min,           rh,            94,     0,
06235, 20161105, 0350,        10Min,          rhb,             1,     0,
06235, 20161105, 0350,        10Min,           sq,             0,     0,
06235, 20161105, 0350,        10Min,           ss,             0,     0,
06235, 20161105, 0350,        10Min,           ta,           6.8,     0,
06235, 20161105, 0350,        10Min,           tb,       6.34937,     0,
06235, 20161105, 0350,        10Min,           td,           6.1,     0,
06235, 20161105, 0350,        10Min,          tgn,           6.6,     0,
06235, 20161105, 0350,        10Min,           tn,           6.8,     0,
06235, 20161105, 0350,        10Min,           tx,           6.9,     0,
06235, 20161105, 0350,        10Min,           vv,         31600,     0,
06235, 20161105, 0350,        10Min,           ww,            23, 12832,
06235, 20161105, 0350,        10Min,        ww-10,            23, 12832,
06235, 20161105, 0350,        10Min,           za,          4.68,     0,
06235, 20161105, 0350,        10Min,           zm,         31600,     0,
06240, 20161105, 0350,        10Min,          D1H,      9.200002,     0,
06240, 20161105, 0350,        10Min,          Q1H,             0,     0,
06240, 20161105, 0350,        10Min,         R12H,        4.4815,     0,
06240, 20161105, 0350,        10Min,          R1H,             0,     0,
06240, 20161105, 0350,        10Min,         R24H,      5.006983,     0,
06240, 20161105, 0350,        10Min,          R6H,      3.193673,     0,
06240, 20161105, 0350,        10Min,        Sav1H,        2.8415,     0,
06240, 20161105, 0350,        10Min,        Sax1H,          3.21,     0,
06240, 20161105, 0350,        10Min,        Sax3H,          4.51,     0,
06240, 20161105, 0350,        10Min,        Sax6H,          5.81,     0,
06240, 20161105, 0350,        10Min,         Sx1H,          4.39,     0,
06240, 20161105, 0350,        10Min,         Sx3H,          5.75,     0,
06240, 20161105, 0350,        10Min,         Sx6H,          8.02,     0,
06240, 20161105, 0350,        10Min,        Tgn12,           5.6,     0,
06240, 20161105, 0350,        10Min,        Tgn14,           5.6,     0,
06240, 20161105, 0350,        10Min,         Tgn6,           5.6,     0,
06240, 20161105, 0350,        10Min,         Tn12,           6.1,     0,
06240, 20161105, 0350,        10Min,         Tn14,           6.1,     0,
06240, 20161105, 0350,        10Min,          Tn6,           6.1,     0,
06240, 20161105, 0350,        10Min,         Tx12,           8.6,     0,
06240, 20161105, 0350,        10Min,         Tx24,           9.8,     0,
06240, 20161105, 0350,        10Min,          Tx6,           7.2,     0,
06240, 20161105, 0350,        10Min,          W10,             8, 12832,
06240, 20161105, 0350,        10Min,       W10-10,             0, 12832,
06240, 20161105, 0350,        10Min,           dd,         229.2,     0,
06240, 20161105, 0350,        10Min,           dr,             0,     0,
06240, 20161105, 0350,        10Min,          dsd,           4.7,     0,
06240, 20161105, 0350,        10Min,           ff,           2.7,     0,
06240, 20161105, 0350,        10Min,          ffs,           2.7,     0,
06240, 20161105, 0350,        10Min,          fsd,           .24,     0,
06240, 20161105, 0350,        10Min,           fx,           3.4,     0,
06240, 20161105, 0350,        10Min,          fxs,           3.4,     0,
06240, 20161105, 0350,        10Min,          gff,           3.4,     0,
06240, 20161105, 0350,        10Min,         gffs,           3.4,     0,
06240, 20161105, 0350,        10Min,            h,      3548.228,     0,
06240, 20161105, 0350,        10Min,           h1,      3548.228,     0,
06240, 20161105, 0350,        10Min,           h2,      4574.921,     0,
06240, 20161105, 0350,        10Min,           h3,      5254.265,     0,
06240, 20161105, 0350,        10Min,           hc,      3548.228,     0,
06240, 20161105, 0350,        10Min,          hc1,      3548.228,     0,
06240, 20161105, 0350,        10Min,          hc2,      4574.921,     0,
06240, 20161105, 0350,        10Min,          hc3,      5254.265,     0,
06240, 20161105, 0350,        10Min,            n,             6,     0,
06240, 20161105, 0350,        10Min,           n1,             2,     0,
06240, 20161105, 0350,        10Min,           n2,             3,     0,
06240, 20161105, 0350,        10Min,           n3,             6,     0,
06240, 20161105, 0350,        10Min,           nc,             6,     0,
06240, 20161105, 0350,        10Min,          nc1,             2,     0,
06240, 20161105, 0350,        10Min,          nc2,             3,     0,
06240, 20161105, 0350,        10Min,          nc3,             6,     0,
06240, 20161105, 0350,        10Min,          nhc,             6,     0,
06240, 20161105, 0350,        10Min,           p0,      1001.177,     0,
06240, 20161105, 0350,        10Min,           pg,          .072,     0,
06240, 20161105, 0350,        10Min,           pp,      1000.705,     0,
06240, 20161105, 0350,        10Min,           pr,           264,     0,
06240, 20161105, 0350,        10Min,           ps,        1001.1,     0,
06240, 20161105, 0350,        10Min,          pwc,            60,     0,
06240, 20161105, 0350,        10Min,           qg,             0,     0,
06240, 20161105, 0350,        10Min,          qgn,             0,     0,
06240, 20161105, 0350,        10Min,          qgx,             0,     0,
06240, 20161105, 0350,        10Min,          qnh,      1000.712,     0,
06240, 20161105, 0350,        10Min,           rg,             0,     0,
06240, 20161105, 0350,        10Min,           rh,            97,     0,
06240, 20161105, 0350,        10Min,          rhb,             1,     0,
06240, 20161105, 0350,        10Min,           sq,             0,     0,
06240, 20161105, 0350,        10Min,           ss,             0,     0,
06240, 20161105, 0350,        10Min,           ta,           6.3,     0,
06240, 20161105, 0350,        10Min,           tb,      6.079746,     0,
06240, 20161105, 0350,        10Min,           td,           5.9,     0,
06240, 20161105, 0350,        10Min,          tgn,           5.6,     0,
06240, 20161105, 0350,        10Min,           tn,           6.1,     0,
06240, 20161105, 0350,        10Min,          tsd,            .1,     0,
06240, 20161105, 0350,        10Min,           tx,           6.4,     0,
06240, 20161105, 0350,        10Min,           vv,      2500.373,     0,
06240, 20161105, 0350,        10Min,           ww,            81, 12832,
06240, 20161105, 0350,        10Min,        ww-10,            22, 12832,
06240, 20161105, 0350,        10Min,           za,             4,     0,
06240, 20161105, 0350,        10Min,           zm,          2160,     0,
06242, 20161105, 0350,        10Min,        Sav1H,          1.45,     0,
06242, 20161105, 0350,        10Min,        Sax1H,          2.06,     0,
06242, 20161105, 0350,        10Min,        Sax3H,          3.81,     0,
06242, 20161105, 0350,        10Min,        Sax6H,          3.96,     0,
06242, 20161105, 0350,        10Min,         Sx1H,          2.51,     0,
06242, 20161105, 0350,        10Min,         Sx3H,          4.45,     0,
06242, 20161105, 0350,        10Min,         Sx6H,          4.47,     0,
06242, 20161105, 0350,        10Min,        Tgn12,           6.4,     0,
06242, 20161105, 0350,        10Min,        Tgn14,           6.4,     0,
06242, 20161105, 0350,        10Min,         Tgn6,           6.4,     0,
06242, 20161105, 0350,        10Min,         Tn12,           6.6,     0,
06242, 20161105, 0350,        10Min,         Tn14,           6.6,     0,
06242, 20161105, 0350,        10Min,          Tn6,           6.6,     0,
06242, 20161105, 0350,        10Min,         Tx12,          10.2,     0,
06242, 20161105, 0350,        10Min,         Tx24,          12.6,     0,
06242, 20161105, 0350,        10Min,          Tx6,           8.2,     0,
06242, 20161105, 0350,        10Min,          W10,             8, 12832,
06242, 20161105, 0350,        10Min,       W10-10,             0, 12832,
06242, 20161105, 0350,        10Min,           dd,         227.9,     0,
06242, 20161105, 0350,        10Min,          dsd,           4.4,     0,
06242, 20161105, 0350,        10Min,           ff,          2.06,     0,
06242, 20161105, 0350,        10Min,          ffs,          2.06,     0,
06242, 20161105, 0350,        10Min,          fsd,           .12,     0,
06242, 20161105, 0350,        10Min,           fx,          2.51,     0,
06242, 20161105, 0350,        10Min,          fxs,          2.51,     0,
06242, 20161105, 0350,        10Min,          gff,          2.37,     0,
06242, 20161105, 0350,        10Min,         gffs,          2.37,     0,
06242, 20161105, 0350,        10Min,            h,      2324.921,     0,
06242, 20161105, 0350,        10Min,           h1,      2324.921,     0,
06242, 20161105, 0350,        10Min,           h2,      2774.921,     0,
06242, 20161105, 0350,        10Min,           h3,      3104.921,     0,
06242, 20161105, 0350,        10Min,           hc,      2324.921,     0,
06242, 20161105, 0350,        10Min,          hc1,      2324.921,     0,
06242, 20161105, 0350,        10Min,          hc2,      2774.921,     0,
06242, 20161105, 0350,        10Min,          hc3,      3104.921,     0,
06242, 20161105, 0350,        10Min,            n,             6,     0,
06242, 20161105, 0350,        10Min,           n1,             3,     0,
06242, 20161105, 0350,        10Min,           n2,             5,     0,
06242, 20161105, 0350,        10Min,           n3,             6,     0,
06242, 20161105, 0350,        10Min,           nc,             8,     0,
06242, 20161105, 0350,        10Min,          nc1,             3,     0,
06242, 20161105, 0350,        10Min,          nc2,             5,     0,
06242, 20161105, 0350,        10Min,          nc3,             6,     0,
06242, 20161105, 0350,        10Min,          nhc,             8,     0,
06242, 20161105, 0350,        10Min,           p0,      999.9556,     0,
06242, 20161105, 0350,        10Min,           pg,         .0584,     0,
06242, 20161105, 0350,        10Min,           pp,      1000.164,     0,
06242, 20161105, 0350,        10Min,           pr,           228,     0,
06242, 20161105, 0350,        10Min,           ps,         998.9,     0,
06242, 20161105, 0350,        10Min,          pwc,            60,     0,
06242, 20161105, 0350,        10Min,          qnh,      1000.162,     0,
06242, 20161105, 0350,        10Min,           rh,            93,     0,
06242, 20161105, 0350,        10Min,          rhb,             1,     0,
06242, 20161105, 0350,        10Min,           sq,             0,     0,
06242, 20161105, 0350,        10Min,           ta,           6.8,     0,
06242, 20161105, 0350,        10Min,           tb,      6.273609,     0,
06242, 20161105, 0350,        10Min,           td,           5.7,     0,
06242, 20161105, 0350,        10Min,          tgn,           6.5,     0,
06242, 20161105, 0350,        10Min,           tn,           6.7,     0,
06242, 20161105, 0350,        10Min,           tx,           6.8,     0,
06242, 20161105, 0350,        10Min,           vv,         37700,     0,
06242, 20161105, 0350,        10Min,           ww,            81, 12832,
06242, 20161105, 0350,        10Min,        ww-10,            22, 12832,
06242, 20161105, 0350,        10Min,           za,          5.66,     0,
06242, 20161105, 0350,        10Min,           zm,         37700,     0,
06269, 20161105, 0350,        10Min,          D1H,      39.40001,     0,
06269, 20161105, 0350,        10Min,          Q1H,             0,     0,
06269, 20161105, 0350,        10Min,         R12H,        3.3985,     0,
06269, 20161105, 0350,        10Min,          R1H,          .224,     0,
06269, 20161105, 0350,        10Min,         R24H,      3.750333,     0,
06269, 20161105, 0350,        10Min,          R6H,      3.083506,     0,
06269, 20161105, 0350,        10Min,        Sav1H,         3.784,     0,
06269, 20161105, 0350,        10Min,        Sax1H,          4.24,     0,
06269, 20161105, 0350,        10Min,        Sax3H,          4.57,     0,
06269, 20161105, 0350,        10Min,        Sax6H,          4.57,     0,
06269, 20161105, 0350,        10Min,         Sx1H,          5.94,     0,
06269, 20161105, 0350,        10Min,         Sx3H,          5.94,     0,
06269, 20161105, 0350,        10Min,         Sx6H,          6.74,     0,
06269, 20161105, 0350,        10Min,        Tgn12,             6,     0,
06269, 20161105, 0350,        10Min,        Tgn14,             6,     0,
06269, 20161105, 0350,        10Min,         Tgn6,             6,     0,
06269, 20161105, 0350,        10Min,         Tn12,             6,     0,
06269, 20161105, 0350,        10Min,         Tn14,             6,     0,
06269, 20161105, 0350,        10Min,          Tn6,             6,     0,
06269, 20161105, 0350,        10Min,         Tx12,           8.3,     0,
06269, 20161105, 0350,        10Min,         Tx24,           9.2,     0,
06269, 20161105, 0350,        10Min,          Tx6,             7,     0,
06269, 20161105, 0350,        10Min,          W10,             6, 12832,
06269, 20161105, 0350,        10Min,       W10-10,             6, 12832,
06269, 20161105, 0350,        10Min,           dd,         208.9,     0,
06269, 20161105, 0350,        10Min,           dr,           600,     0,
06269, 20161105, 0350,        10Min,          dsd,           8.6,     0,
06269, 20161105, 0350,        10Min,           ff,          3.38,     0,
06269, 20161105, 0350,        10Min,          ffs,          3.38,     0,
06269, 20161105, 0350,        10Min,          fsd,           .45,     0,
06269, 20161105, 0350,        10Min,           fx,           4.7,     0,
06269, 20161105, 0350,        10Min,          fxs,           4.7,     0,
06269, 20161105, 0350,        10Min,          gff,          4.55,     0,
06269, 20161105, 0350,        10Min,         gffs,          4.55,     0,
06269, 20161105, 0350,        10Min,            h,      374.9213,     0,
06269, 20161105, 0350,        10Min,           h1,      374.9213,     0,
06269, 20161105, 0350,        10Min,           h2,      504.9213,     0,
06269, 20161105, 0350,        10Min,           h3,      654.9213,     0,
06269, 20161105, 0350,        10Min,           hc,      374.9213,     0,
06269, 20161105, 0350,        10Min,          hc1,      374.9213,     0,
06269, 20161105, 0350,        10Min,          hc2,      504.9213,     0,
06269, 20161105, 0350,        10Min,          hc3,      654.9213,     0,
06269, 20161105, 0350,        10Min,           hm,              , 22064,
06269, 20161105, 0350,        10Min,          hm1,              , 22064,
06269, 20161105, 0350,        10Min,          hm2,              , 22064,
06269, 20161105, 0350,        10Min,          hm3,              , 22064,
06269, 20161105, 0350,        10Min,            n,             8,     0,
06269, 20161105, 0350,        10Min,           n1,             2,     0,
06269, 20161105, 0350,        10Min,           n2,             5,     0,
06269, 20161105, 0350,        10Min,           n3,             8,     0,
06269, 20161105, 0350,        10Min,           nc,             8,     0,
06269, 20161105, 0350,        10Min,          nc1,             2,     0,
06269, 20161105, 0350,        10Min,          nc2,             5,     0,
06269, 20161105, 0350,        10Min,          nc3,             8,     0,
06269, 20161105, 0350,        10Min,          nhc,             8,     0,
06269, 20161105, 0350,        10Min,           nm,              , 22064,
06269, 20161105, 0350,        10Min,          nm1,              , 22064,
06269, 20161105, 0350,        10Min,          nm2,              , 22064,
06269, 20161105, 0350,        10Min,          nm3,              , 22064,
06269, 20161105, 0350,        10Min,           p0,      1000.964,     0,
06269, 20161105, 0350,        10Min,           pg,          .476,     0,
06269, 20161105, 0350,        10Min,           pp,      1000.425,     0,
06269, 20161105, 0350,        10Min,           pr,           300,     0,
06269, 20161105, 0350,        10Min,           ps,          1001,     0,
06269, 20161105, 0350,        10Min,          pwc,            60,     0,
06269, 20161105, 0350,        10Min,           qg,             0,     0,
06269, 20161105, 0350,        10Min,          qgn,             0,     0,
06269, 20161105, 0350,        10Min,          qgx,             0,     0,
06269, 20161105, 0350,        10Min,          qnh,      1000.434,     0,
06269, 20161105, 0350,        10Min,           rg,           .48,     0,
06269, 20161105, 0350,        10Min,           rh,            96,     0,
06269, 20161105, 0350,        10Min,          rhb,             1,     0,
06269, 20161105, 0350,        10Min,           sq,             0,     0,
06269, 20161105, 0350,        10Min,           ss,             0,     0,
06269, 20161105, 0350,        10Min,           ta,             6,     0,
06269, 20161105, 0350,        10Min,           tb,      5.709349,     0,
06269, 20161105, 0350,        10Min,           td,           5.5,     0,
06269, 20161105, 0350,        10Min,          tgn,             6,     0,
06269, 20161105, 0350,        10Min,           tn,             6,     0,
06269, 20161105, 0350,        10Min,           tx,             6,     0,
06269, 20161105, 0350,        10Min,           vv,      3058.822,     0,
06269, 20161105, 0350,        10Min,           ww,            61, 12832,
06269, 20161105, 0350,        10Min,        ww-10,            61, 12832,
06269, 20161105, 0350,        10Min,           za,             4,     0,
06269, 20161105, 0350,        10Min,           zm,          2990,     0,
06270, 20161105, 0350,        10Min,          D1H,      51.80001,     0,
06270, 20161105, 0350,        10Min,          Q1H,             0,     0,
06270, 20161105, 0350,        10Min,         R12H,      5.611333,     0,
06270, 20161105, 0350,        10Min,          R1H,      .6416667,     0,
06270, 20161105, 0350,        10Min,         R24H,      6.053167,     0,
06270, 20161105, 0350,        10Min,          R6H,      5.393511,     0,
06270, 20161105, 0350,        10Min,        Sav1H,      2.496833,     0,
06270, 20161105, 0350,        10Min,        Sax1H,          2.72,     0,
06270, 20161105, 0350,        10Min,        Sax3H,          3.71,     0,
06270, 20161105, 0350,        10Min,        Sax6H,          3.71,     0,
06270, 20161105, 0350,        10Min,         Sx1H,           4.1,     0,
06270, 20161105, 0350,        10Min,         Sx3H,           5.4,     0,
06270, 20161105, 0350,        10Min,         Sx6H,           5.4,     0,
06270, 20161105, 0350,        10Min,        Tgn12,           6.5,     0,
06270, 20161105, 0350,        10Min,        Tgn14,           6.5,     0,
06270, 20161105, 0350,        10Min,         Tgn6,           6.5,     0,
06270, 20161105, 0350,        10Min,         Tn12,           6.5,     0,
06270, 20161105, 0350,        10Min,         Tn14,           6.5,     0,
06270, 20161105, 0350,        10Min,          Tn6,           6.5,     0,
06270, 20161105, 0350,        10Min,         Tx12,           8.4,     0,
06270, 20161105, 0350,        10Min,         Tx24,           9.7,     0,
06270, 20161105, 0350,        10Min,          Tx6,           7.4,     0,
06270, 20161105, 0350,        10Min,          W10,             6, 12832,
06270, 20161105, 0350,        10Min,       W10-10,             6, 12832,
06270, 20161105, 0350,        10Min,           dd,         186.3,     0,
06270, 20161105, 0350,        10Min,           dr,           600,     0,
06270, 20161105, 0350,        10Min,          dsd,          15.7,     0,
06270, 20161105, 0350,        10Min,           ff,          2.06,     0,
06270, 20161105, 0350,        10Min,          ffs,          2.06,     0,
06270, 20161105, 0350,        10Min,          fsd,           .43,     0,
06270, 20161105, 0350,        10Min,           fx,          3.17,     0,
06270, 20161105, 0350,        10Min,          fxs,          3.17,     0,
06270, 20161105, 0350,        10Min,          gff,          3.13,     0,
06270, 20161105, 0350,        10Min,         gffs,          3.13,     0,
06270, 20161105, 0350,        10Min,            h,      164.9213,     0,
06270, 20161105, 0350,        10Min,           h1,      164.9213,     0,
06270, 20161105, 0350,        10Min,           h2,      304.9213,     0,
06270, 20161105, 0350,        10Min,           h3,      784.9213,     0,
06270, 20161105, 0350,        10Min,           hc,      164.9213,     0,
06270, 20161105, 0350,        10Min,          hc1,      164.9213,     0,
06270, 20161105, 0350,        10Min,          hc2,      304.9213,     0,
06270, 20161105, 0350,        10Min,          hc3,      784.9213,     0,
06270, 20161105, 0350,        10Min,            n,             8,     0,
06270, 20161105, 0350,        10Min,           n1,             6,     0,
06270, 20161105, 0350,        10Min,           n2,             7,     0,
06270, 20161105, 0350,        10Min,           n3,             8,     0,
06270, 20161105, 0350,        10Min,           nc,             8,     0,
06270, 20161105, 0350,        10Min,          nc1,             6,     0,
06270, 20161105, 0350,        10Min,          nc2,             7,     0,
06270, 20161105, 0350,        10Min,          nc3,             8,     0,
06270, 20161105, 0350,        10Min,          nhc,             8,     0,
06270, 20161105, 0350,        10Min,           p0,      999.9899,     0,
06270, 20161105, 0350,        10Min,           pg,          .614,     0,
06270, 20161105, 0350,        10Min,           pp,      1000.023,     0,
06270, 20161105, 0350,        10Min,           pr,           600,     0,
06270, 20161105, 0350,        10Min,           ps,         999.9,     0,
06270, 20161105, 0350,        10Min,          pwc,            57,     0,
06270, 20161105, 0350,        10Min,           qg,             0,     0,
06270, 20161105, 0350,        10Min,          qgn,             0,     0,
06270, 20161105, 0350,        10Min,          qgx,             0,     0,
06270, 20161105, 0350,        10Min,          qnh,      1000.022,     0,
06270, 20161105, 0350,        10Min,           rg,          .828,     0,
06270, 20161105, 0350,        10Min,           rh,            96,     0,
06270, 20161105, 0350,        10Min,          rhb,             1,     0,
06270, 20161105, 0350,        10Min,           sq,             0,     0,
06270, 20161105, 0350,        10Min,           ss,             0,     0,
06270, 20161105, 0350,        10Min,           ta,           6.6,     0,
06270, 20161105, 0350,        10Min,           tb,      6.302498,     0,
06270, 20161105, 0350,        10Min,           td,           6.1,     0,
06270, 20161105, 0350,        10Min,          tgn,           6.6,     0,
06270, 20161105, 0350,        10Min,           tn,           6.5,     0,
06270, 20161105, 0350,        10Min,           tx,           6.6,     0,
06270, 20161105, 0350,        10Min,           vv,      2861.374,     0,
06270, 20161105, 0350,        10Min,           ww,            58, 12832,
06270, 20161105, 0350,        10Min,        ww-10,            58, 12832,
06270, 20161105, 0350,        10Min,           za,             4,     0,
06270, 20161105, 0350,        10Min,           zm,          2680,     0,
06275, 20161105, 0350,        10Min,          D1H,      46.20001,     0,
06275, 20161105, 0350,        10Min,          Q1H,           .36,     0,
06275, 20161105, 0350,        10Min,         R12H,         1.207,     0,
06275, 20161105, 0350,        10Min,          R1H,           .34,     0,
06275, 20161105, 0350,        10Min,         R24H,         1.207,     0,
06275, 20161105, 0350,        10Min,          R6H,      1.194002,     0,
06275, 20161105, 0350,        10Min,        Sav1H,         3.902,     0,
06275, 20161105, 0350,        10Min,        Sax1H,          4.55,     0,
06275, 20161105, 0350,        10Min,        Sax3H,          4.55,     0,
06275, 20161105, 0350,        10Min,        Sax6H,          4.55,     0,
06275, 20161105, 0350,        10Min,         Sx1H,          7.28,     0,
06275, 20161105, 0350,        10Min,         Sx3H,          7.28,     0,
06275, 20161105, 0350,        10Min,         Sx6H,          7.28,     0,
06275, 20161105, 0350,        10Min,        Tgn12,           5.2,     0,
06275, 20161105, 0350,        10Min,        Tgn14,           5.2,     0,
06275, 20161105, 0350,        10Min,         Tgn6,           5.7,     0,
06275, 20161105, 0350,        10Min,         Tn12,           5.7,     0,
06275, 20161105, 0350,        10Min,         Tn14,           5.7,     0,
06275, 20161105, 0350,        10Min,          Tn6,           5.7,     0,
06275, 20161105, 0350,        10Min,         Tx12,           8.4,     0,
06275, 20161105, 0350,        10Min,         Tx24,           9.6,     0,
06275, 20161105, 0350,        10Min,          Tx6,           6.7,     0,
06275, 20161105, 0350,        10Min,          W10,             5, 12832,
06275, 20161105, 0350,        10Min,       W10-10,             5, 12832,
06275, 20161105, 0350,        10Min,           dd,         209.7,     0,
06275, 20161105, 0350,        10Min,           dr,           264,     0,
06275, 20161105, 0350,        10Min,          dsd,           7.7,     0,
06275, 20161105, 0350,        10Min,           ff,          3.63,     0,
06275, 20161105, 0350,        10Min,          ffs,          3.63,     0,
06275, 20161105, 0350,        10Min,          fsd,           .49,     0,
06275, 20161105, 0350,        10Min,           fx,          5.56,     0,
06275, 20161105, 0350,        10Min,          fxs,          5.56,     0,
06275, 20161105, 0350,        10Min,          gff,          5.28,     0,
06275, 20161105, 0350,        10Min,         gffs,          5.28,     0,
06275, 20161105, 0350,        10Min,            h,      354.9213,     0,
06275, 20161105, 0350,        10Min,           h1,      354.9213,     0,
06275, 20161105, 0350,        10Min,           h2,      474.9213,     0,
06275, 20161105, 0350,        10Min,           h3,             0,     0,
06275, 20161105, 0350,        10Min,           hc,      354.9213,     0,
06275, 20161105, 0350,        10Min,          hc1,      354.9213,     0,
06275, 20161105, 0350,        10Min,          hc2,      474.9213,     0,
06275, 20161105, 0350,        10Min,          hc3,             0,     0,
06275, 20161105, 0350,        10Min,            n,             8,     0,
06275, 20161105, 0350,        10Min,           n1,             5,     0,
06275, 20161105, 0350,        10Min,           n2,             8,     0,
06275, 20161105, 0350,        10Min,           n3,             0,     0,
06275, 20161105, 0350,        10Min,           nc,             8,     0,
06275, 20161105, 0350,        10Min,          nc1,             5,     0,
06275, 20161105, 0350,        10Min,          nc2,             8,     0,
06275, 20161105, 0350,        10Min,          nc3,             0,     0,
06275, 20161105, 0350,        10Min,          nhc,             8,     0,
06275, 20161105, 0350,        10Min,           p0,      995.4832,     0,
06275, 20161105, 0350,        10Min,           pg,         .0102,     0,
06275, 20161105, 0350,        10Min,           pp,      1000.971,     0,
06275, 20161105, 0350,        10Min,           pr,             0,     0,
06275, 20161105, 0350,        10Min,           ps,         995.3,     0,
06275, 20161105, 0350,        10Min,          pwc,            50,     0,
06275, 20161105, 0350,        10Min,           qg,             1,     0,
06275, 20161105, 0350,        10Min,          qgn,             0,     0,
06275, 20161105, 0350,        10Min,          qgx,             1,     0,
06275, 20161105, 0350,        10Min,          qnh,      1000.917,     0,
06275, 20161105, 0350,        10Min,           rg,           .03,     0,
06275, 20161105, 0350,        10Min,           rh,            97,     0,
06275, 20161105, 0350,        10Min,          rhb,             1,     0,
06275, 20161105, 0350,        10Min,           sq,             0,     0,
06275, 20161105, 0350,        10Min,           ss,             0,     0,
06275, 20161105, 0350,        10Min,           ta,           5.9,     0,
06275, 20161105, 0350,        10Min,           tb,      5.683156,     0,
06275, 20161105, 0350,        10Min,           td,           5.6,     0,
06275, 20161105, 0350,        10Min,          tgn,           5.9,     0,
06275, 20161105, 0350,        10Min,           tn,           5.9,     0,
06275, 20161105, 0350,        10Min,           tx,           5.9,     0,
06275, 20161105, 0350,        10Min,           vv,      2854.794,     0,
06275, 20161105, 0350,        10Min,           ww,            51, 12832,
06275, 20161105, 0350,        10Min,        ww-10,            52, 12832,
06275, 20161105, 0350,        10Min,           za,             4,     0,
06275, 20161105, 0350,        10Min,           zm,          2670,     0,
06280, 20161105, 0350,        10Min,          D1H,      60.00001,     0,
06280, 20161105, 0350,        10Min,          Q1H,             0,     0,
06280, 20161105, 0350,        10Min,         R12H,      2.128833,     0,
06280, 20161105, 0350,        10Min,          R1H,         1.363,     0,
06280, 20161105, 0350,        10Min,         R24H,      2.526817,     0,
06280, 20161105, 0350,        10Min,          R6H,      2.128838,     0,
06280, 20161105, 0350,        10Min,        Sav1H,      2.823333,     0,
06280, 20161105, 0350,        10Min,        Sax1H,          2.94,     0,
06280, 20161105, 0350,        10Min,        Sax3H,          3.71,     0,
06280, 20161105, 0350,        10Min,        Sax6H,          3.71,     0,
06280, 20161105, 0350,        10Min,         Sx1H,          4.86,     0,
06280, 20161105, 0350,        10Min,         Sx3H,          5.44,     0,
06280, 20161105, 0350,        10Min,         Sx6H,          5.44,     0,
06280, 20161105, 0350,        10Min,        Tgn12,           5.7,     0,
06280, 20161105, 0350,        10Min,        Tgn14,           5.7,     0,
06280, 20161105, 0350,        10Min,         Tgn6,           5.8,     0,
06280, 20161105, 0350,        10Min,         Tn12,           5.8,     0,
06280, 20161105, 0350,        10Min,         Tn14,           5.8,     0,
06280, 20161105, 0350,        10Min,          Tn6,           5.8,     0,
06280, 20161105, 0350,        10Min,         Tx12,             8,     0,
06280, 20161105, 0350,        10Min,         Tx24,           8.8,     0,
06280, 20161105, 0350,        10Min,          Tx6,             7,     0,
06280, 20161105, 0350,        10Min,          W10,             6, 12832,
06280, 20161105, 0350,        10Min,       W10-10,             6, 12832,
06280, 20161105, 0350,        10Min,           dd,         184.3,     0,
06280, 20161105, 0350,        10Min,           dr,           600,     0,
06280, 20161105, 0350,        10Min,          dsd,           8.3,     0,
06280, 20161105, 0350,        10Min,           ff,          2.92,     0,
06280, 20161105, 0350,        10Min,          ffs,          2.92,     0,
06280, 20161105, 0350,        10Min,          fsd,           .57,     0,
06280, 20161105, 0350,        10Min,           fx,          4.86,     0,
06280, 20161105, 0350,        10Min,          fxs,          4.86,     0,
06280, 20161105, 0350,        10Min,          gff,          4.86,     0,
06280, 20161105, 0350,        10Min,         gffs,          4.86,     0,
06280, 20161105, 0350,        10Min,            h,      524.9213,     0,
06280, 20161105, 0350,        10Min,           h1,      524.9213,     0,
06280, 20161105, 0350,        10Min,           h2,      674.9213,     0,
06280, 20161105, 0350,        10Min,           h3,      804.9213,     0,
06280, 20161105, 0350,        10Min,           hc,      524.9213,     0,
06280, 20161105, 0350,        10Min,          hc1,      524.9213,     0,
06280, 20161105, 0350,        10Min,          hc2,      674.9213,     0,
06280, 20161105, 0350,        10Min,          hc3,      804.9213,     0,
06280, 20161105, 0350,        10Min,           hm,              , 22064,
06280, 20161105, 0350,        10Min,          hm1,              , 22064,
06280, 20161105, 0350,        10Min,          hm2,              , 22064,
06280, 20161105, 0350,        10Min,          hm3,              , 22064,
06280, 20161105, 0350,        10Min,            n,             8,     0,
06280, 20161105, 0350,        10Min,           n1,             4,     0,
06280, 20161105, 0350,        10Min,           n2,             7,     0,
06280, 20161105, 0350,        10Min,           n3,             8,     0,
06280, 20161105, 0350,        10Min,           nc,             8,     0,
06280, 20161105, 0350,        10Min,          nc1,             4,     0,
06280, 20161105, 0350,        10Min,          nc2,             7,     0,
06280, 20161105, 0350,        10Min,          nc3,             8,     0,
06280, 20161105, 0350,        10Min,          nhc,             8,     0,
06280, 20161105, 0350,        10Min,           nm,              , 22064,
06280, 20161105, 0350,        10Min,          nm1,              , 22064,
06280, 20161105, 0350,        10Min,          nm2,              , 22064,
06280, 20161105, 0350,        10Min,          nm3,              , 22064,
06280, 20161105, 0350,        10Min,           p0,      1000.094,     0,
06280, 20161105, 0350,        10Min,           pg,           1.5,     0,
06280, 20161105, 0350,        10Min,           pp,      1000.488,     0,
06280, 20161105, 0350,        10Min,           pr,           600,     0,
06280, 20161105, 0350,        10Min,           ps,        1000.1,     0,
06280, 20161105, 0350,        10Min,          pwc,            60,     0,
06280, 20161105, 0350,        10Min,           qg,             0,     0,
06280, 20161105, 0350,        10Min,          qgn,             0,     0,
06280, 20161105, 0350,        10Min,          qgx,             0,     0,
06280, 20161105, 0350,        10Min,          qnh,      1000.482,     0,
06280, 20161105, 0350,        10Min,           rg,          1.39,     0,
06280, 20161105, 0350,        10Min,           rh,            95,     0,
06280, 20161105, 0350,        10Min,          rhb,             1,     0,
06280, 20161105, 0350,        10Min,           sq,             0,     0,
06280, 20161105, 0350,        10Min,           ss,             0,     0,
06280, 20161105, 0350,        10Min,           ta,           5.9,     0,
06280, 20161105, 0350,        10Min,           tb,      5.537713,     0,
06280, 20161105, 0350,        10Min,           td,           5.3,     0,
06280, 20161105, 0350,        10Min,          tgn,           5.8,     0,
06280, 20161105, 0350,        10Min,           tn,           5.8,     0,
06280, 20161105, 0350,        10Min,           tx,           5.9,     0,
06280, 20161105, 0350,        10Min,           vv,          5020,     0,
06280, 20161105, 0350,        10Min,           ww,            62, 12832,
06280, 20161105, 0350,        10Min,        ww-10,            61, 12832,
06280, 20161105, 0350,        10Min,           za,             4,     0,
06280, 20161105, 0350,        10Min,           zm,          5020,     0,
06340, 20161105, 0350,        10Min,        Sav1H,      3.141667,     0,
06340, 20161105, 0350,        10Min,        Sax1H,           3.6,     0,
06340, 20161105, 0350,        10Min,        Sax3H,          5.52,     0,
06340, 20161105, 0350,        10Min,        Sax6H,          5.52,     0,
06340, 20161105, 0350,        10Min,         Sx1H,          5.36,     0,
06340, 20161105, 0350,        10Min,         Sx3H,         10.23,     0,
06340, 20161105, 0350,        10Min,         Sx6H,         10.23,     0,
06340, 20161105, 0350,        10Min,        Tgn12,           6.3,     0,
06340, 20161105, 0350,        10Min,        Tgn14,           6.3,     0,
06340, 20161105, 0350,        10Min,         Tgn6,           6.3,     0,
06340, 20161105, 0350,        10Min,         Tn12,           6.4,     0,
06340, 20161105, 0350,        10Min,         Tn14,           6.4,     0,
06340, 20161105, 0350,        10Min,          Tn6,           6.4,     0,
06340, 20161105, 0350,        10Min,         Tx12,           9.2,     0,
06340, 20161105, 0350,        10Min,         Tx24,            10,     0,
06340, 20161105, 0350,        10Min,          Tx6,           7.8,     0,
06340, 20161105, 0350,        10Min,          W10,             0, 12832,
06340, 20161105, 0350,        10Min,       W10-10,             5, 12832,
06340, 20161105, 0350,        10Min,           dd,         241.9,     0,
06340, 20161105, 0350,        10Min,          dsd,             8,     0,
06340, 20161105, 0350,        10Min,           ff,           3.6,     0,
06340, 20161105, 0350,        10Min,          ffs,           3.6,     0,
06340, 20161105, 0350,        10Min,          fsd,           .43,     0,
06340, 20161105, 0350,        10Min,           fx,          5.34,     0,
06340, 20161105, 0350,        10Min,          fxs,          5.34,     0,
06340, 20161105, 0350,        10Min,          gff,          4.76,     0,
06340, 20161105, 0350,        10Min,         gffs,          4.76,     0,
06340, 20161105, 0350,        10Min,            h,      484.9213,     0,
06340, 20161105, 0350,        10Min,           h1,      484.9213,     0,
06340, 20161105, 0350,        10Min,           h2,      734.9213,     0,
06340, 20161105, 0350,        10Min,           h3,      904.9213,     0,
06340, 20161105, 0350,        10Min,           hc,      484.9213,     0,
06340, 20161105, 0350,        10Min,          hc1,      484.9213,     0,
06340, 20161105, 0350,        10Min,          hc2,      734.9213,     0,
06340, 20161105, 0350,        10Min,          hc3,      904.9213,     0,
06340, 20161105, 0350,        10Min,            n,             7,     0,
06340, 20161105, 0350,        10Min,           n1,             2,     0,
06340, 20161105, 0350,        10Min,           n2,             5,     0,
06340, 20161105, 0350,        10Min,           n3,             7,     0,
06340, 20161105, 0350,        10Min,           nc,             8,     0,
06340, 20161105, 0350,        10Min,          nc1,             2,     0,
06340, 20161105, 0350,        10Min,          nc2,             5,     0,
06340, 20161105, 0350,        10Min,          nc3,             7,     0,
06340, 20161105, 0350,        10Min,          nhc,             8,     0,
06340, 20161105, 0350,        10Min,           p0,      999.8904,     0,
06340, 20161105, 0350,        10Min,           pg,             0,     0,
06340, 20161105, 0350,        10Min,           pp,      1001.715,     0,
06340, 20161105, 0350,        10Min,           pr,             0,     0,
06340, 20161105, 0350,        10Min,           ps,         999.7,     0,
06340, 20161105, 0350,        10Min,          pwc,             0,     0,
06340, 20161105, 0350,        10Min,          qnh,      1001.697,     0,
06340, 20161105, 0350,        10Min,           rh,            95,     0,
06340, 20161105, 0350,        10Min,          rhb,             1,     0,
06340, 20161105, 0350,        10Min,           sq,             0,     0,
06340, 20161105, 0350,        10Min,           ta,           7.8,     0,
06340, 20161105, 0350,        10Min,           tb,      7.410885,     0,
06340, 20161105, 0350,        10Min,           td,           7.1,     0,
06340, 20161105, 0350,        10Min,          tgn,           7.5,     0,
06340, 20161105, 0350,        10Min,           tn,           7.7,     0,
06340, 20161105, 0350,        10Min,           tx,           7.8,     0,
06340, 20161105, 0350,        10Min,           vv,              , 22064,
06340, 20161105, 0350,        10Min,           ww,            22, 12832,
06340, 20161105, 0350,        10Min,        ww-10,            51, 12832,
06340, 20161105, 0350,        10Min,           za,              , 22064,
06340, 20161105, 0350,        10Min,           zm,          6540,     0,
06344, 20161105, 0350,        10Min,          D1H,          11.4,     0,
06344, 20161105, 0350,        10Min,          Q1H,           .36,     0,
06344, 20161105, 0350,        10Min,         R12H,       4.29515,     0,
06344, 20161105, 0350,        10Min,          R1H,          .049,     0,
06344, 20161105, 0350,        10Min,         R24H,       4.29515,     0,
06344, 20161105, 0350,        10Min,          R6H,      2.376155,     0,
06344, 20161105, 0350,        10Min,        Sav1H,         1.506,     0,
06344, 20161105, 0350,        10Min,        Sax1H,          2.04,     0,
06344, 20161105, 0350,        10Min,        Sax3H,          4.51,     0,
06344, 20161105, 0350,        10Min,        Sax6H,           5.5,     0,
06344, 20161105, 0350,        10Min,         Sx1H,           3.3,     0,
06344, 20161105, 0350,        10Min,         Sx3H,          6.82,     0,
06344, 20161105, 0350,        10Min,         Sx6H,          7.96,     0,
06344, 20161105, 0350,        10Min,        Tgn12,           6.7,     0,
06344, 20161105, 0350,        10Min,        Tgn14,           6.7,     0,
06344, 20161105, 0350,        10Min,         Tgn6,           6.7,     0,
06344, 20161105, 0350,        10Min,         Tn12,           6.7,     0,
06344, 20161105, 0350,        10Min,         Tn14,           6.7,     0,
06344, 20161105, 0350,        10Min,          Tn6,           6.7,     0,
06344, 20161105, 0350,        10Min,         Tx12,           8.9,     0,
06344, 20161105, 0350,        10Min,         Tx24,           9.9,     0,
06344, 20161105, 0350,        10Min,          Tx6,           7.6,     0,
06344, 20161105, 0350,        10Min,          W10,             0, 12832,
06344, 20161105, 0350,        10Min,       W10-10,             5, 12832,
06344, 20161105, 0350,        10Min,           dd,           262,     0,
06344, 20161105, 0350,        10Min,           dr,             0,     0,
06344, 20161105, 0350,        10Min,          dsd,           8.5,     0,
06344, 20161105, 0350,        10Min,           ff,          2.04,     0,
06344, 20161105, 0350,        10Min,          ffs,          2.04,     0,
06344, 20161105, 0350,        10Min,          fsd,           .24,     0,
06344, 20161105, 0350,        10Min,           fx,          3.25,     0,
06344, 20161105, 0350,        10Min,          fxs,          3.25,     0,
06344, 20161105, 0350,        10Min,          gff,          2.76,     0,
06344, 20161105, 0350,        10Min,         gffs,          2.76,     0,
06344, 20161105, 0350,        10Min,            h,      624.9213,     0,
06344, 20161105, 0350,        10Min,           h1,      624.9213,     0,
06344, 20161105, 0350,        10Min,           h2,      2774.921,     0,
06344, 20161105, 0350,        10Min,           h3,      3204.921,     0,
06344, 20161105, 0350,        10Min,           hc,      624.9213,     0,
06344, 20161105, 0350,        10Min,          hc1,      624.9213,     0,
06344, 20161105, 0350,        10Min,          hc2,      2774.921,     0,
06344, 20161105, 0350,        10Min,          hc3,      3204.921,     0,
06344, 20161105, 0350,        10Min,           hm,              , 22064,
06344, 20161105, 0350,        10Min,          hm1,              , 22064,
06344, 20161105, 0350,        10Min,          hm2,              , 22064,
06344, 20161105, 0350,        10Min,          hm3,              , 22064,
06344, 20161105, 0350,        10Min,            n,             5,     0,
06344, 20161105, 0350,        10Min,           n1,             1,     0,
06344, 20161105, 0350,        10Min,           n2,             3,     0,
06344, 20161105, 0350,        10Min,           n3,             5,     0,
06344, 20161105, 0350,        10Min,           nc,             8,     0,
06344, 20161105, 0350,        10Min,          nc1,             1,     0,
06344, 20161105, 0350,        10Min,          nc2,             3,     0,
06344, 20161105, 0350,        10Min,          nc3,             5,     0,
06344, 20161105, 0350,        10Min,          nhc,             8,     0,
06344, 20161105, 0350,        10Min,           nm,              , 22064,
06344, 20161105, 0350,        10Min,          nm1,              , 22064,
06344, 20161105, 0350,        10Min,          nm2,              , 22064,
06344, 20161105, 0350,        10Min,          nm3,              , 22064,
06344, 20161105, 0350,        10Min,           p0,      1001.675,     0,
06344, 20161105, 0350,        10Min,           pg,             0,     0,
06344, 20161105, 0350,        10Min,           pp,       1001.05,     0,
06344, 20161105, 0350,        10Min,           pr,             0,     0,
06344, 20161105, 0350,        10Min,           ps,        1001.6,     0,
06344, 20161105, 0350,        10Min,          pwc,             0,     0,
06344, 20161105, 0350,        10Min,           qg,             1,     0,
06344, 20161105, 0350,        10Min,          qgn,             0,     0,
06344, 20161105, 0350,        10Min,          qgx,             1,     0,
06344, 20161105, 0350,        10Min,          qnh,      1001.058,     0,
06344, 20161105, 0350,        10Min,           rg,          .018,  8192,
06344, 20161105, 0350,        10Min,           rh,            97,     0,
06344, 20161105, 0350,        10Min,          rhb,             1,     0,
06344, 20161105, 0350,        10Min,           sq,             0,     0,
06344, 20161105, 0350,        10Min,           ss,             0,     0,
06344, 20161105, 0350,        10Min,           ta,           7.2,     0,
06344, 20161105, 0350,        10Min,           tb,      6.972143,     0,
06344, 20161105, 0350,        10Min,           td,           6.8,     0,
06344, 20161105, 0350,        10Min,          tgn,           6.7,     0,
06344, 20161105, 0350,        10Min,           tn,           7.1,     0,
06344, 20161105, 0350,        10Min,           tx,           7.2,     0,
06344, 20161105, 0350,        10Min,           vv,      3095.964,     0,
06344, 20161105, 0350,        10Min,           ww,            23, 12832,
06344, 20161105, 0350,        10Min,        ww-10,            51, 12832,
06344, 20161105, 0350,        10Min,           za,             4,     0,
06344, 20161105, 0350,        10Min,           zm,          3050,     0,
06350, 20161105, 0350,        10Min,          D1H,             0,     0,
06350, 20161105, 0350,        10Min,          Q1H,           .36,     0,
06350, 20161105, 0350,        10Min,         R12H,       1.01965,     0,
06350, 20161105, 0350,        10Min,          R1H,             0,     0,
06350, 20161105, 0350,        10Min,         R24H,       1.01965,     0,
06350, 20161105, 0350,        10Min,          R6H,       .337834,     0,
06350, 20161105, 0350,        10Min,        Sav1H,        3.1565,     0,
06350, 20161105, 0350,        10Min,        Sax1H,           3.5,     0,
06350, 20161105, 0350,        10Min,        Sax3H,          4.08,     0,
06350, 20161105, 0350,        10Min,        Sax6H,          4.47,     0,
06350, 20161105, 0350,        10Min,         Sx1H,          5.28,     0,
06350, 20161105, 0350,        10Min,         Sx3H,           6.7,     0,
06350, 20161105, 0350,        10Min,         Sx6H,          7.19,     0,
06350, 20161105, 0350,        10Min,        Tgn12,           5.7,     0,
06350, 20161105, 0350,        10Min,        Tgn14,           5.7,     0,
06350, 20161105, 0350,        10Min,         Tgn6,             6,     0,
06350, 20161105, 0350,        10Min,         Tn12,           6.1,     0,
06350, 20161105, 0350,        10Min,         Tn14,           6.1,     0,
06350, 20161105, 0350,        10Min,          Tn6,           6.1,     0,
06350, 20161105, 0350,        10Min,         Tx12,           8.6,     0,
06350, 20161105, 0350,        10Min,         Tx24,          10.2,     0,
06350, 20161105, 0350,        10Min,          Tx6,           6.9,     0,
06350, 20161105, 0350,        10Min,          W10,             0, 12832,
06350, 20161105, 0350,        10Min,       W10-10,             0, 12832,
06350, 20161105, 0350,        10Min,           dd,         212.7,     0,
06350, 20161105, 0350,        10Min,           dr,             0,     0,
06350, 20161105, 0350,        10Min,          dsd,            11,     0,
06350, 20161105, 0350,        10Min,           ff,          3.03,     0,
06350, 20161105, 0350,        10Min,          ffs,          3.03,     0,
06350, 20161105, 0350,        10Min,          fsd,           .53,     0,
06350, 20161105, 0350,        10Min,           fx,          4.92,     0,
06350, 20161105, 0350,        10Min,          fxs,          4.92,     0,
06350, 20161105, 0350,        10Min,          gff,          4.33,     0,
06350, 20161105, 0350,        10Min,         gffs,          4.33,     0,
06350, 20161105, 0350,        10Min,            h,      404.9213,     0,
06350, 20161105, 0350,        10Min,           h1,      404.9213,     0,
06350, 20161105, 0350,        10Min,           h2,      534.9213,     0,
06350, 20161105, 0350,        10Min,           h3,      674.9213,     0,
06350, 20161105, 0350,        10Min,           hc,      404.9213,     0,
06350, 20161105, 0350,        10Min,          hc1,      404.9213,     0,
06350, 20161105, 0350,        10Min,          hc2,      534.9213,     0,
06350, 20161105, 0350,        10Min,          hc3,      674.9213,     0,
06350, 20161105, 0350,        10Min,            n,             6,     0,
06350, 20161105, 0350,        10Min,           n1,             2,     0,
06350, 20161105, 0350,        10Min,           n2,             4,     0,
06350, 20161105, 0350,        10Min,           n3,             6,     0,
06350, 20161105, 0350,        10Min,           nc,             8,     0,
06350, 20161105, 0350,        10Min,          nc1,             2,     0,
06350, 20161105, 0350,        10Min,          nc2,             4,     0,
06350, 20161105, 0350,        10Min,          nc3,             6,     0,
06350, 20161105, 0350,        10Min,          nhc,             8,     0,
06350, 20161105, 0350,        10Min,           p0,      1000.085,     0,
06350, 20161105, 0350,        10Min,           pg,             0,     0,
06350, 20161105, 0350,        10Min,           pp,      1001.542,     0,
06350, 20161105, 0350,        10Min,           pr,             0,     0,
06350, 20161105, 0350,        10Min,           ps,         999.9,     0,
06350, 20161105, 0350,        10Min,          pwc,             0,     0,
06350, 20161105, 0350,        10Min,           qg,             1,     0,
06350, 20161105, 0350,        10Min,          qgn,             0,     0,
06350, 20161105, 0350,        10Min,          qgx,             1,     0,
06350, 20161105, 0350,        10Min,          qnh,      1001.521,     0,
06350, 20161105, 0350,        10Min,           rg,             0,     0,
06350, 20161105, 0350,        10Min,           rh,            96,     0,
06350, 20161105, 0350,        10Min,          rhb,             1,     0,
06350, 20161105, 0350,        10Min,           sq,             0,     0,
06350, 20161105, 0350,        10Min,           ss,             0,     0,
06350, 20161105, 0350,        10Min,           ta,           6.9,     0,
06350, 20161105, 0350,        10Min,           tb,      6.599317,     0,
06350, 20161105, 0350,        10Min,           td,           6.3,     0,
06350, 20161105, 0350,        10Min,          tgn,           6.7,     0,
06350, 20161105, 0350,        10Min,           tn,           6.8,     0,
06350, 20161105, 0350,        10Min,           tx,           6.9,     0,
06350, 20161105, 0350,        10Min,           vv,              , 22064,
06350, 20161105, 0350,        10Min,           ww,            10, 12832,
06350, 20161105, 0350,        10Min,        ww-10,            10, 12832,
06350, 20161105, 0350,        10Min,           za,              , 22048,
06350, 20161105, 0350,        10Min,           zm,          3600,     0,
06370, 20161105, 0350,        10Min,          D1H,      6.000001,     0,
06370, 20161105, 0350,        10Min,          Q1H,             0,     0,
06370, 20161105, 0350,        10Min,         R12H,      1.160333,     0,
06370, 20161105, 0350,        10Min,          R1H,          .045,     0,
06370, 20161105, 0350,        10Min,         R24H,      1.160333,     0,
06370, 20161105, 0350,        10Min,          R6H,      .6910014,     0,
06370, 20161105, 0350,        10Min,        Sav1H,      4.834833,     0,
06370, 20161105, 0350,        10Min,        Sax1H,          5.38,     0,
06370, 20161105, 0350,        10Min,        Sax3H,          5.38,     0,
06370, 20161105, 0350,        10Min,        Sax6H,          5.38,     0,
06370, 20161105, 0350,        10Min,         Sx1H,          6.95,     0,
06370, 20161105, 0350,        10Min,         Sx3H,          6.95,     0,
06370, 20161105, 0350,        10Min,         Sx6H,          6.95,     0,
06370, 20161105, 0350,        10Min,        Tgn12,           5.5,     0,
06370, 20161105, 0350,        10Min,        Tgn14,           5.5,     0,
06370, 20161105, 0350,        10Min,         Tgn6,           5.5,     0,
06370, 20161105, 0350,        10Min,         Tn12,           6.1,     0,
06370, 20161105, 0350,        10Min,         Tn14,           6.1,     0,
06370, 20161105, 0350,        10Min,          Tn6,           6.1,     0,
06370, 20161105, 0350,        10Min,         Tx12,           8.7,     0,
06370, 20161105, 0350,        10Min,         Tx24,          10.5,     0,
06370, 20161105, 0350,        10Min,          Tx6,           6.8,     0,
06370, 20161105, 0350,        10Min,          W10,             0, 12832,
06370, 20161105, 0350,        10Min,       W10-10,             0, 12832,
06370, 20161105, 0350,        10Min,           dd,           221,     0,
06370, 20161105, 0350,        10Min,           dr,             0,     0,
06370, 20161105, 0350,        10Min,          dsd,           7.1,     0,
06370, 20161105, 0350,        10Min,           ff,          5.38,     0,
06370, 20161105, 0350,        10Min,          ffs,          5.38,     0,
06370, 20161105, 0350,        10Min,          fsd,           .66,     0,
06370, 20161105, 0350,        10Min,           fx,          6.95,     0,
06370, 20161105, 0350,        10Min,          fxs,          6.95,     0,
06370, 20161105, 0350,        10Min,          gff,          6.95,     0,
06370, 20161105, 0350,        10Min,         gffs,          6.95,     0,
06370, 20161105, 0350,        10Min,            h,      354.9213,     0,
06370, 20161105, 0350,        10Min,           h1,      354.9213,     0,
06370, 20161105, 0350,        10Min,           h2,      474.9213,     0,
06370, 20161105, 0350,        10Min,           h3,             0,     0,
06370, 20161105, 0350,        10Min,           hc,      354.9213,     0,
06370, 20161105, 0350,        10Min,          hc1,      354.9213,     0,
06370, 20161105, 0350,        10Min,          hc2,      474.9213,     0,
06370, 20161105, 0350,        10Min,          hc3,             0,     0,
06370, 20161105, 0350,        10Min,            n,             8,     0,
06370, 20161105, 0350,        10Min,           n1,             6,     0,
06370, 20161105, 0350,        10Min,           n2,             8,     0,
06370, 20161105, 0350,        10Min,           n3,             0,     0,
06370, 20161105, 0350,        10Min,           nc,             8,     0,
06370, 20161105, 0350,        10Min,          nc1,             6,     0,
06370, 20161105, 0350,        10Min,          nc2,             8,     0,
06370, 20161105, 0350,        10Min,          nc3,             0,     0,
06370, 20161105, 0350,        10Min,          nhc,             8,     0,
06370, 20161105, 0350,        10Min,           p0,      999.1996,     0,
06370, 20161105, 0350,        10Min,           pg,             0,     0,
06370, 20161105, 0350,        10Min,           pp,      1001.714,     0,
06370, 20161105, 0350,        10Min,           pr,             0,     0,
06370, 20161105, 0350,        10Min,           ps,           999,     0,
06370, 20161105, 0350,        10Min,          pwc,             0,     0,
06370, 20161105, 0350,        10Min,           qg,             0,     0,
06370, 20161105, 0350,        10Min,          qgn,             0,     0,
06370, 20161105, 0350,        10Min,          qgx,             0,     0,
06370, 20161105, 0350,        10Min,          qnh,      1001.685,     0,
06370, 20161105, 0350,        10Min,           rg,          .024,  8192,
06370, 20161105, 0350,        10Min,           rh,            98,     0,
06370, 20161105, 0350,        10Min,          rhb,             1,     0,
06370, 20161105, 0350,        10Min,           sq,             0,     0,
06370, 20161105, 0350,        10Min,           ss,             0,     0,
06370, 20161105, 0350,        10Min,           ta,           6.8,     0,
06370, 20161105, 0350,        10Min,           tb,      6.650584,     0,
06370, 20161105, 0350,        10Min,           td,           6.6,     0,
06370, 20161105, 0350,        10Min,          tgn,           6.2,     0,
06370, 20161105, 0350,        10Min,           tn,           6.7,     0,
06370, 20161105, 0350,        10Min,           tx,           6.8,     0,
06370, 20161105, 0350,        10Min,           vv,              , 22064,
06370, 20161105, 0350,        10Min,           ww,            23, 12832,
06370, 20161105, 0350,        10Min,        ww-10,            23, 12832,
06370, 20161105, 0350,        10Min,           za,              , 22064,
06370, 20161105, 0350,        10Min,           zm,          2900,     0,
06375, 20161105, 0350,        10Min,          D1H,             0,     0,
06375, 20161105, 0350,        10Min,          Q1H,           .36,     0,
06375, 20161105, 0350,        10Min,         R12H,      1.326833,     0,
06375, 20161105, 0350,        10Min,          R1H,          .037,     0,
06375, 20161105, 0350,        10Min,         R24H,      1.326833,     0,
06375, 20161105, 0350,        10Min,          R6H,      1.104836,     0,
06375, 20161105, 0350,        10Min,        Sav1H,      4.348166,     0,
06375, 20161105, 0350,        10Min,        Sax1H,          4.59,     0,
06375, 20161105, 0350,        10Min,        Sax3H,          4.59,     0,
06375, 20161105, 0350,        10Min,        Sax6H,          4.59,     0,
06375, 20161105, 0350,        10Min,         Sx1H,          6.39,     0,
06375, 20161105, 0350,        10Min,         Sx3H,          6.39,     0,
06375, 20161105, 0350,        10Min,         Sx6H,          6.39,     0,
06375, 20161105, 0350,        10Min,        Tgn12,           4.9,     0,
06375, 20161105, 0350,        10Min,        Tgn14,           4.9,     0,
06375, 20161105, 0350,        10Min,         Tgn6,           5.9,     0,
06375, 20161105, 0350,        10Min,         Tn12,           6.2,     0,
06375, 20161105, 0350,        10Min,         Tn14,           6.2,     0,
06375, 20161105, 0350,        10Min,          Tn6,           6.2,     0,
06375, 20161105, 0350,        10Min,         Tx12,           8.7,     0,
06375, 20161105, 0350,        10Min,         Tx24,            11,     0,
06375, 20161105, 0350,        10Min,          Tx6,           6.9,     0,
06375, 20161105, 0350,        10Min,          W10,             0, 12832,
06375, 20161105, 0350,        10Min,       W10-10,             0, 12832,
06375, 20161105, 0350,        10Min,           dd,         216.5,     0,
06375, 20161105, 0350,        10Min,           dr,             0,     0,
06375, 20161105, 0350,        10Min,          dsd,           7.1,     0,
06375, 20161105, 0350,        10Min,           ff,          4.59,     0,
06375, 20161105, 0350,        10Min,          ffs,          4.59,     0,
06375, 20161105, 0350,        10Min,          fsd,           .47,     0,
06375, 20161105, 0350,        10Min,           fx,           6.1,     0,
06375, 20161105, 0350,        10Min,          fxs,           6.1,     0,
06375, 20161105, 0350,        10Min,          gff,          5.85,     0,
06375, 20161105, 0350,        10Min,         gffs,          5.85,     0,
06375, 20161105, 0350,        10Min,            h,      374.9213,     0,
06375, 20161105, 0350,        10Min,           h1,      374.9213,     0,
06375, 20161105, 0350,        10Min,           h2,      524.9213,     0,
06375, 20161105, 0350,        10Min,           h3,             0,     0,
06375, 20161105, 0350,        10Min,           hc,      374.9213,     0,
06375, 20161105, 0350,        10Min,          hc1,      374.9213,     0,
06375, 20161105, 0350,        10Min,          hc2,      524.9213,     0,
06375, 20161105, 0350,        10Min,          hc3,             0,     0,
06375, 20161105, 0350,        10Min,            n,             8,     0,
06375, 20161105, 0350,        10Min,           n1,             5,     0,
06375, 20161105, 0350,        10Min,           n2,             8,     0,
06375, 20161105, 0350,        10Min,           n3,             0,     0,
06375, 20161105, 0350,        10Min,           nc,             8,     0,
06375, 20161105, 0350,        10Min,          nc1,             5,     0,
06375, 20161105, 0350,        10Min,          nc2,             8,     0,
06375, 20161105, 0350,        10Min,          nc3,             0,     0,
06375, 20161105, 0350,        10Min,          nhc,             8,     0,
06375, 20161105, 0350,        10Min,           p0,      998.9896,     0,
06375, 20161105, 0350,        10Min,           pg,             0,     0,
06375, 20161105, 0350,        10Min,           pp,      1001.403,     0,
06375, 20161105, 0350,        10Min,           pr,             0,     0,
06375, 20161105, 0350,        10Min,           ps,         998.7,     0,
06375, 20161105, 0350,        10Min,          pwc,             0,     0,
06375, 20161105, 0350,        10Min,           qg,             1,     0,
06375, 20161105, 0350,        10Min,          qgn,             0,     0,
06375, 20161105, 0350,        10Min,          qgx,             1,     0,
06375, 20161105, 0350,        10Min,          qnh,      1001.374,     0,
06375, 20161105, 0350,        10Min,           rg,           .03,  8192,
06375, 20161105, 0350,        10Min,           rh,            96,     0,
06375, 20161105, 0350,        10Min,          rhb,             1,     0,
06375, 20161105, 0350,        10Min,           sq,             0,     0,
06375, 20161105, 0350,        10Min,           ss,             0,     0,
06375, 20161105, 0350,        10Min,           ta,           6.6,     0,
06375, 20161105, 0350,        10Min,           tb,      6.302701,     0,
06375, 20161105, 0350,        10Min,           td,           6.1,     0,
06375, 20161105, 0350,        10Min,          tgn,           6.4,     0,
06375, 20161105, 0350,        10Min,           tn,           6.6,     0,
06375, 20161105, 0350,        10Min,           tx,           6.6,     0,
06375, 20161105, 0350,        10Min,           vv,              , 22064,
06375, 20161105, 0350,        10Min,           ww,            21, 12832,
06375, 20161105, 0350,        10Min,        ww-10,            21, 12832,
06375, 20161105, 0350,        10Min,           za,              , 22048,
06375, 20161105, 0350,        10Min,           zm,          3590,     0,
06380, 20161105, 0350,        10Min,          D1H,      30.20001,     0,
06380, 20161105, 0350,        10Min,          Q1H,             0,     0,
06380, 20161105, 0350,        10Min,         R12H,      1.851833,     0,
06380, 20161105, 0350,        10Min,          R1H,          .159,     0,
06380, 20161105, 0350,        10Min,         R24H,      1.851833,     0,
06380, 20161105, 0350,        10Min,          R6H,      1.670003,     0,
06380, 20161105, 0350,        10Min,        Sav1H,      5.503667,     0,
06380, 20161105, 0350,        10Min,        Sax1H,          6.22,     0,
06380, 20161105, 0350,        10Min,        Sax3H,          6.22,     0,
06380, 20161105, 0350,        10Min,        Sax6H,          6.22,     0,
06380, 20161105, 0350,        10Min,         Sx1H,          9.05,     0,
06380, 20161105, 0350,        10Min,         Sx3H,          9.05,     0,
06380, 20161105, 0350,        10Min,         Sx6H,          9.05,     0,
06380, 20161105, 0350,        10Min,        Tgn12,           6.1,     0,
06380, 20161105, 0350,        10Min,        Tgn14,           6.1,     0,
06380, 20161105, 0350,        10Min,         Tgn6,           6.1,     0,
06380, 20161105, 0350,        10Min,         Tn12,           6.3,     0,
06380, 20161105, 0350,        10Min,         Tn14,           6.3,     0,
06380, 20161105, 0350,        10Min,          Tn6,           6.3,     0,
06380, 20161105, 0350,        10Min,         Tx12,             9,     0,
06380, 20161105, 0350,        10Min,         Tx24,          10.3,     0,
06380, 20161105, 0350,        10Min,          Tx6,           7.1,     0,
06380, 20161105, 0350,        10Min,          W10,             5, 12832,
06380, 20161105, 0350,        10Min,       W10-10,             8, 12832,
06380, 20161105, 0350,        10Min,           dd,         213.8,     0,
06380, 20161105, 0350,        10Min,           dr,           600,     0,
06380, 20161105, 0350,        10Min,          dsd,           7.7,     0,
06380, 20161105, 0350,        10Min,           ff,          6.22,     0,
06380, 20161105, 0350,        10Min,          ffs,          6.22,     0,
06380, 20161105, 0350,        10Min,          fsd,           .84,     0,
06380, 20161105, 0350,        10Min,           fx,          8.53,     0,
06380, 20161105, 0350,        10Min,          fxs,          8.53,     0,
06380, 20161105, 0350,        10Min,          gff,          8.49,     0,
06380, 20161105, 0350,        10Min,         gffs,          8.49,     0,
06380, 20161105, 0350,        10Min,            h,      954.9213,     0,
06380, 20161105, 0350,        10Min,           h1,      954.9213,     0,
06380, 20161105, 0350,        10Min,           h2,      1074.921,     0,
06380, 20161105, 0350,        10Min,           h3,             0,     0,
06380, 20161105, 0350,        10Min,           hc,      954.9213,     0,
06380, 20161105, 0350,        10Min,          hc1,      954.9213,     0,
06380, 20161105, 0350,        10Min,          hc2,      1074.921,     0,
06380, 20161105, 0350,        10Min,          hc3,             0,     0,
06380, 20161105, 0350,        10Min,            n,             8,     0,
06380, 20161105, 0350,        10Min,           n1,             2,     0,
06380, 20161105, 0350,        10Min,           n2,             8,     0,
06380, 20161105, 0350,        10Min,           n3,             0,     0,
06380, 20161105, 0350,        10Min,           nc,             8,     0,
06380, 20161105, 0350,        10Min,          nc1,             2,     0,
06380, 20161105, 0350,        10Min,          nc2,             8,     0,
06380, 20161105, 0350,        10Min,          nc3,             0,     0,
06380, 20161105, 0350,        10Min,          nhc,             8,     0,
06380, 20161105, 0350,        10Min,           p0,      988.9818,     0,
06380, 20161105, 0350,        10Min,           pg,          .177,     0,
06380, 20161105, 0350,        10Min,           pp,       1002.54,     0,
06380, 20161105, 0350,        10Min,           pr,           480,     0,
06380, 20161105, 0350,        10Min,           ps,         988.9,     0,
06380, 20161105, 0350,        10Min,          pwc,            50,     0,
06380, 20161105, 0350,        10Min,           qg,             0,     0,
06380, 20161105, 0350,        10Min,          qgn,             0,     0,
06380, 20161105, 0350,        10Min,          qgx,             0,     0,
06380, 20161105, 0350,        10Min,          qnh,      1002.524,     0,
06380, 20161105, 0350,        10Min,           rg,           .15,     0,
06380, 20161105, 0350,        10Min,           rh,            91,     0,
06380, 20161105, 0350,        10Min,          rhb,             1,     0,
06380, 20161105, 0350,        10Min,           sq,             0,     0,
06380, 20161105, 0350,        10Min,           ss,             0,     0,
06380, 20161105, 0350,        10Min,           ta,           6.8,     0,
06380, 20161105, 0350,        10Min,           tb,       6.12244,     0,
06380, 20161105, 0350,        10Min,           td,           5.6,     0,
06380, 20161105, 0350,        10Min,          tgn,           6.6,     0,
06380, 20161105, 0350,        10Min,           tn,           6.8,     0,
06380, 20161105, 0350,        10Min,           tx,           6.9,     0,
06380, 20161105, 0350,        10Min,           vv,          8520,     0,
06380, 20161105, 0350,        10Min,           ww,            52, 12832,
06380, 20161105, 0350,        10Min,        ww-10,            81, 12832,
06380, 20161105, 0350,        10Min,           za,             4,     0,
06380, 20161105, 0350,        10Min,           zm,          8520,     0,
99101, 20161105, 0350,        10Min,           dd,         213.3,     0,
99101, 20161105, 0350,        10Min,          dsd,           6.2,     0,
99101, 20161105, 0350,        10Min,           ff,          2.02,     0,
99101, 20161105, 0350,        10Min,          ffs,          2.02,     0,
99101, 20161105, 0350,        10Min,          fsd,           .24,     0,
99101, 20161105, 0350,        10Min,           fx,           2.8,     0,
99101, 20161105, 0350,        10Min,          fxs,           2.8,     0,
99101, 20161105, 0350,        10Min,          gff,          2.59,     0,
99101, 20161105, 0350,        10Min,         gffs,          2.59,     0,
99101, 20161105, 0350,        10Min,           hc,      3624.921,     0,
99101, 20161105, 0350,        10Min,          hc1,      3624.921,     0,
99101, 20161105, 0350,        10Min,          hc2,      4274.921,     0,
99101, 20161105, 0350,        10Min,          hc3,      5824.921,     0,
99101, 20161105, 0350,        10Min,           nc,             8,     0,
99101, 20161105, 0350,        10Min,          nc1,             2,     0,
99101, 20161105, 0350,        10Min,          nc2,             3,     0,
99101, 20161105, 0350,        10Min,          nc3,             8,     0,
99101, 20161105, 0350,        10Min,           vv,          3750,     0,
99102, 20161105, 0350,        10Min,           dd,         203.3,     0,
99102, 20161105, 0350,        10Min,          dsd,           5.8,     0,
99102, 20161105, 0350,        10Min,           ff,          3.42,     0,
99102, 20161105, 0350,        10Min,          ffs,          3.42,     0,
99102, 20161105, 0350,        10Min,          fsd,           .47,     0,
99102, 20161105, 0350,        10Min,           fx,          4.66,     0,
99102, 20161105, 0350,        10Min,          fxs,          4.66,     0,
99102, 20161105, 0350,        10Min,          gff,          4.66,     0,
99102, 20161105, 0350,        10Min,         gffs,          4.66,     0,
99102, 20161105, 0350,        10Min,           hc,      324.9213,     0,
99102, 20161105, 0350,        10Min,          hc1,      324.9213,     0,
99102, 20161105, 0350,        10Min,          hc2,      474.9213,     0,
99102, 20161105, 0350,        10Min,          hc3,      674.9213,     0,
99102, 20161105, 0350,        10Min,           nc,             8,     0,
99102, 20161105, 0350,        10Min,          nc1,             4,     0,
99102, 20161105, 0350,        10Min,          nc2,             5,     0,
99102, 20161105, 0350,        10Min,          nc3,             5,     0,
99102, 20161105, 0350,        10Min,           vv,      2695.529,     0,
99103, 20161105, 0350,        10Min,           dd,         207.8,     0,
99103, 20161105, 0350,        10Min,          dsd,             6,     0,
99103, 20161105, 0350,        10Min,           ff,          1.95,     0,
99103, 20161105, 0350,        10Min,          ffs,          1.95,     0,
99103, 20161105, 0350,        10Min,          fsd,           .14,     0,
99103, 20161105, 0350,        10Min,           fx,          2.43,     0,
99103, 20161105, 0350,        10Min,          fxs,          2.43,     0,
99103, 20161105, 0350,        10Min,          gff,          2.43,     0,
99103, 20161105, 0350,        10Min,         gffs,          2.43,     0,
99103, 20161105, 0350,        10Min,           hc,      3954.921,     0,
99103, 20161105, 0350,        10Min,          hc1,      3954.921,     0,
99103, 20161105, 0350,        10Min,          hc2,      4374.921,     0,
99103, 20161105, 0350,        10Min,          hc3,      4974.921,     0,
99103, 20161105, 0350,        10Min,           nc,             8,     0,
99103, 20161105, 0350,        10Min,          nc1,             2,     0,
99103, 20161105, 0350,        10Min,          nc2,             7,     0,
99103, 20161105, 0350,        10Min,          nc3,             8,     0,
99103, 20161105, 0350,        10Min,           vv,      2472.602,     0,
99104, 20161105, 0350,        10Min,           dd,         222.6,     0,
99104, 20161105, 0350,        10Min,          dsd,           9.7,     0,
99104, 20161105, 0350,        10Min,           ff,          1.56,     0,
99104, 20161105, 0350,        10Min,          ffs,          1.56,     0,
99104, 20161105, 0350,        10Min,          fsd,           .24,     0,
99104, 20161105, 0350,        10Min,           fx,          2.55,     0,
99104, 20161105, 0350,        10Min,          fxs,          2.55,     0,
99104, 20161105, 0350,        10Min,          gff,          2.26,     0,
99104, 20161105, 0350,        10Min,         gffs,          2.26,     0,
99104, 20161105, 0350,        10Min,           hc,      404.9213,     0,
99104, 20161105, 0350,        10Min,          hc1,      404.9213,     0,
99104, 20161105, 0350,        10Min,          hc2,      4904.921,     0,
99104, 20161105, 0350,        10Min,          hc3,             0,     0,
99104, 20161105, 0350,        10Min,           nc,             8,     0,
99104, 20161105, 0350,        10Min,          nc1,             5,     0,
99104, 20161105, 0350,        10Min,          nc2,             8,     0,
99104, 20161105, 0350,        10Min,          nc3,             0,     0,
99104, 20161105, 0350,        10Min,           vv,        2380.6,     0,
06252, 20161105, 0340,        10Min,        Sav1H,      4.916113,     0,
06252, 20161105, 0340,        10Min,        Sax1H,      7.481808,     0,
06252, 20161105, 0340,        10Min,        Sax3H,      7.481808,     0,
06252, 20161105, 0340,        10Min,        Sax6H,      7.481808,     0,
06252, 20161105, 0340,        10Min,         Sx1H,      9.124212,     0,
06252, 20161105, 0340,        10Min,         Sx3H,      9.124212,     0,
06252, 20161105, 0340,        10Min,         Sx6H,      9.124212,     0,
06252, 20161105, 0340,        10Min,         Tn12,             8,     0,
06252, 20161105, 0340,        10Min,         Tn14,             8,     0,
06252, 20161105, 0340,        10Min,          Tn6,             8,     0,
06252, 20161105, 0340,        10Min,         Tx12,          11.1,     0,
06252, 20161105, 0340,        10Min,          Tx6,          10.4,     0,
06252, 20161105, 0340,        10Min,           dd,         293.7, 13840,
06252, 20161105, 0340,        10Min,          dsd,           3.9, 13840,
06252, 20161105, 0340,        10Min,           ff,      7.481808,     0,
06252, 20161105, 0340,        10Min,          ffs,          9.21, 13840,
06252, 20161105, 0340,        10Min,          gff,      9.124212,     0,
06252, 20161105, 0340,        10Min,         gffs,          10.8, 13840,
06252, 20161105, 0340,        10Min,         h10z,           -28, 13840,
06252, 20161105, 0340,        10Min,         h1d3,            80, 13840,
06252, 20161105, 0340,        10Min,           p0,      995.9283,     0,
06252, 20161105, 0340,        10Min,           pp,      1000.446,     0,
06252, 20161105, 0340,        10Min,           ps,         996.7, 13840,
06252, 20161105, 0340,        10Min,          qnh,      1000.454,     0,
06252, 20161105, 0340,        10Min,         rh10,            68, 13840,
06252, 20161105, 0340,        10Min,          t10,          10.2, 13840,
06252, 20161105, 0340,        10Min,         td10,           4.5, 13840,
06252, 20161105, 0340,        10Min,        th1d3,           4.9, 13840,
06252, 20161105, 0340,        10Min,           tn,            10, 13840,
06252, 20161105, 0340,        10Min,         tw10,            14, 13840,
06252, 20161105, 0340,        10Min,           tx,          10.4, 13840,
06252, 20161105, 0340,        10Min,           zm,              , 22064,
06320, 20161105, 0340,        10Min,        Sav1H,      5.195442,     0,
06320, 20161105, 0340,        10Min,        Sax1H,      5.572133,     0,
06320, 20161105, 0340,        10Min,        Sax3H,      6.215406,     0,
06320, 20161105, 0340,        10Min,        Sax6H,      8.319081,     0,
06320, 20161105, 0340,        10Min,         Sx1H,      7.368956,     0,
06320, 20161105, 0340,        10Min,         Sx3H,      7.753035,     0,
06320, 20161105, 0340,        10Min,         Sx6H,      10.02178,     0,
06320, 20161105, 0340,        10Min,         Tn12,           8.4,     0,
06320, 20161105, 0340,        10Min,         Tn14,           8.4,     0,
06320, 20161105, 0340,        10Min,          Tn6,           8.4,     0,
06320, 20161105, 0340,        10Min,         Tx12,          10.2,     0,
06320, 20161105, 0340,        10Min,          Tx6,           9.6,     0,
06320, 20161105, 0340,        10Min,           dd,         313.3, 13840,
06320, 20161105, 0340,        10Min,          dsd,          11.7, 13840,
06320, 20161105, 0340,        10Min,           ff,      4.781082,     0,
06320, 20161105, 0340,        10Min,          ffs,           5.5, 13840,
06320, 20161105, 0340,        10Min,          gff,      6.627594,     0,
06320, 20161105, 0340,        10Min,         gffs,          7.42, 13840,
06320, 20161105, 0340,        10Min,          h10,           121, 13840,
06320, 20161105, 0340,        10Min,         h1d3,            64, 13840,
06320, 20161105, 0340,        10Min,           p0,      998.5598,     0,
06320, 20161105, 0340,        10Min,           pp,      1001.213,     0,
06320, 20161105, 0340,        10Min,           ps,         998.9,     0,
06320, 20161105, 0340,        10Min,          qnh,      1001.203,     0,
06320, 20161105, 0340,        10Min,         rh10,            76, 13842,
06320, 20161105, 0340,        10Min,          t10,           9.4, 13842,
06320, 20161105, 0340,        10Min,         td10,           5.5, 13842,
06320, 20161105, 0340,        10Min,        th1d3,             4, 13840,
06320, 20161105, 0340,        10Min,           tn,           9.4, 13842,
06320, 20161105, 0340,        10Min,         tw10,          14.4, 13840,
06320, 20161105, 0340,        10Min,           tx,           9.5, 13842,
06320, 20161105, 0340,        10Min,           zm,         49700, 13840,
06321, 20161105, 0340,        10Min,        Sav1H,      4.776291,     0,
06321, 20161105, 0340,        10Min,        Sax1H,      6.130762,     0,
06321, 20161105, 0340,        10Min,        Sax3H,      6.130762,     0,
06321, 20161105, 0340,        10Min,        Sax6H,      6.130762,     0,
06321, 20161105, 0340,        10Min,         Sx1H,      7.592243,     0,
06321, 20161105, 0340,        10Min,         Sx3H,      7.592243,     0,
06321, 20161105, 0340,        10Min,         Sx6H,       7.83833,     0,
06321, 20161105, 0340,        10Min,         Tn12,           8.6,     0,
06321, 20161105, 0340,        10Min,         Tn14,           8.6,     0,
06321, 20161105, 0340,        10Min,          Tn6,           8.6,     0,
06321, 20161105, 0340,        10Min,         Tx12,          11.5,     0,
06321, 20161105, 0340,        10Min,          Tx6,            10,     0,
06321, 20161105, 0340,        10Min,           dd,           319,     0,
06321, 20161105, 0340,        10Min,          dsd,           9.2,     0,
06321, 20161105, 0340,        10Min,           ff,      3.252512,     0,
06321, 20161105, 0340,        10Min,          ffs,          3.65,     0,
06321, 20161105, 0340,        10Min,          gff,      4.848827,     0,
06321, 20161105, 0340,        10Min,         gffs,          5.32,     0,
06321, 20161105, 0340,        10Min,          h10,           109,     0,
06321, 20161105, 0340,        10Min,         h1d3,            64, 13840,
06321, 20161105, 0340,        10Min,           p0,      999.2372,     0,
06321, 20161105, 0340,        10Min,           pp,      1001.528,     0,
06321, 20161105, 0340,        10Min,           ps,         999.4,     0,
06321, 20161105, 0340,        10Min,          qnh,       1001.52,     0,
06321, 20161105, 0340,        10Min,         rh10,            81,     0,
06321, 20161105, 0340,        10Min,          t10,           9.1,     0,
06321, 20161105, 0340,        10Min,         td10,           6.1,     0,
06321, 20161105, 0340,        10Min,        th1d3,           4.1, 13840,
06321, 20161105, 0340,        10Min,           tn,           8.9,     0,
06321, 20161105, 0340,        10Min,         tw10,          14.1,     0,
06321, 20161105, 0340,        10Min,           tx,           9.2,     0,
06321, 20161105, 0340,        10Min,           zm,          8470,     0,
06285, 20161105, 0320,        10Min,        Sav1H,              , 22064,
06285, 20161105, 0320,        10Min,        Sax1H,              , 22064,
06285, 20161105, 0320,        10Min,        Sax3H,              , 22064,
06285, 20161105, 0320,        10Min,        Sax6H,        8.3673,     0,
06285, 20161105, 0320,        10Min,         Sx1H,              , 22064,
06285, 20161105, 0320,        10Min,         Sx3H,              , 22064,
06285, 20161105, 0320,        10Min,         Sx6H,      10.17587,     0,
06285, 20161105, 0320,        10Min,           dd,         194.3,     1,
06285, 20161105, 0320,        10Min,           ff,      7.458422,     0,
06285, 20161105, 0320,        10Min,          ffs,          7.96,     1,
06285, 20161105, 0320,        10Min,          gff,      8.628608,     0,
06285, 20161105, 0320,        10Min,         gffs,          9.09,     1,
06209, 20161105, 0320,        10Min,        Sav1H,      3.858905,     0,
06209, 20161105, 0320,        10Min,        Sax1H,      4.596637,     0,
06209, 20161105, 0320,        10Min,        Sax3H,      7.661062,     0,
06209, 20161105, 0320,        10Min,        Sax6H,      7.736727,     0,
06209, 20161105, 0320,        10Min,         Sx1H,      5.815084,     0,
06209, 20161105, 0320,        10Min,         Sx3H,      11.53452,     0,
06209, 20161105, 0320,        10Min,         Sx6H,      11.53452,     0,
06209, 20161105, 0320,        10Min,           dd,         274.1,     1,
06209, 20161105, 0320,        10Min,          dsd,          10.1,     1,
06209, 20161105, 0320,        10Min,           ff,      4.152106,     0,
06209, 20161105, 0320,        10Min,          ffs,          4.39,     1,
06209, 20161105, 0320,        10Min,          gff,      5.757698,     0,
06209, 20161105, 0320,        10Min,         gffs,          6.02,     1,
06308, 20161105, 0320,        10Min,        Sav1H,      5.507316,     0,
06308, 20161105, 0320,        10Min,        Sax1H,      6.175107,     0,
06308, 20161105, 0320,        10Min,        Sax3H,        6.6842,     0,
06308, 20161105, 0320,        10Min,        Sax6H,        6.6842,     0,
06308, 20161105, 0320,        10Min,         Sx1H,      10.13095,     0,
06308, 20161105, 0320,        10Min,         Sx3H,      10.13095,     0,
06308, 20161105, 0320,        10Min,         Sx6H,      10.13095,     0,
06308, 20161105, 0320,        10Min,           dd,         301.3,     1,
06308, 20161105, 0320,        10Min,           ff,      5.072073,     0,
06308, 20161105, 0320,        10Min,          ffs,          5.38,     1,
06308, 20161105, 0320,        10Min,          gff,      6.267454,     0,
06308, 20161105, 0320,        10Min,         gffs,          6.57,     1,
06312, 20161105, 0320,        10Min,        Sav1H,      4.825208,     0,
06312, 20161105, 0320,        10Min,        Sax1H,      5.882938,     0,
06312, 20161105, 0320,        10Min,        Sax3H,      7.017911,     0,
06312, 20161105, 0320,        10Min,        Sax6H,      8.559581,     0,
06312, 20161105, 0320,        10Min,         Sx1H,      8.282668,     0,
06312, 20161105, 0320,        10Min,         Sx3H,      10.25291,     0,
06312, 20161105, 0320,        10Min,         Sx6H,      10.34855,     0,
06312, 20161105, 0320,        10Min,           dd,         304.3,     1,
06312, 20161105, 0320,        10Min,           ff,      5.882938,     0,
06312, 20161105, 0320,        10Min,          ffs,          6.22,     1,
06312, 20161105, 0320,        10Min,          gff,      8.282668,     0,
06312, 20161105, 0320,        10Min,         gffs,          8.66,     1,
06313, 20161105, 0320,        10Min,        Sav1H,      6.392099,     0,
06313, 20161105, 0320,        10Min,        Sax1H,      8.814949,     0,
06313, 20161105, 0320,        10Min,        Sax3H,      8.814949,     0,
06313, 20161105, 0320,        10Min,        Sax6H,      9.590514,     0,
06313, 20161105, 0320,        10Min,         Sx1H,      10.70243,     0,
06313, 20161105, 0320,        10Min,         Sx3H,      10.70243,     0,
06313, 20161105, 0320,        10Min,         Sx6H,      11.53452,     0,
06313, 20161105, 0320,        10Min,           dd,         306.5,     1,
06313, 20161105, 0320,        10Min,           ff,      8.814949,     0,
06313, 20161105, 0320,        10Min,          ffs,          9.32,     1,
06313, 20161105, 0320,        10Min,          gff,      10.70243,     0,
06313, 20161105, 0320,        10Min,         gffs,         11.19,     1,
06315, 20161105, 0320,        10Min,        Sav1H,      5.515098,     0,
06315, 20161105, 0320,        10Min,        Sax1H,      6.766156,     0,
06315, 20161105, 0320,        10Min,        Sax3H,      7.762575,     0,
06315, 20161105, 0320,        10Min,        Sax6H,      7.762575,     0,
06315, 20161105, 0320,        10Min,         Sx1H,      9.887247,     0,
06315, 20161105, 0320,        10Min,         Sx3H,      10.26126,     0,
06315, 20161105, 0320,        10Min,         Sx6H,      10.26126,     0,
06315, 20161105, 0320,        10Min,           dd,         283.5,     1,
06315, 20161105, 0320,        10Min,           ff,      4.849237,     0,
06315, 20161105, 0320,        10Min,          ffs,          5.11,     1,
06315, 20161105, 0320,        10Min,          gff,      6.108803,     0,
06315, 20161105, 0320,        10Min,         gffs,          6.37,     1,
06316, 20161105, 0320,        10Min,        Sav1H,       6.05949,     0,
06316, 20161105, 0320,        10Min,        Sax1H,      7.774559,     0,
06316, 20161105, 0320,        10Min,        Sax3H,      7.774559,     0,
06316, 20161105, 0320,        10Min,        Sax6H,      7.774559,     0,
06316, 20161105, 0320,        10Min,         Sx1H,      9.841646,     0,
06316, 20161105, 0320,        10Min,         Sx3H,      9.841646,     0,
06316, 20161105, 0320,        10Min,         Sx6H,      9.841646,     0,
06316, 20161105, 0320,        10Min,           dd,         317.3,     1,
06316, 20161105, 0320,        10Min,           ff,      5.845106,     0,
06316, 20161105, 0320,        10Min,          ffs,          6.18,     1,
06316, 20161105, 0320,        10Min,          gff,       7.39319,     0,
06316, 20161105, 0320,        10Min,         gffs,          7.73,     1,
06324, 20161105, 0320,        10Min,        Sav1H,      3.945604,     0,
06324, 20161105, 0320,        10Min,        Sax1H,      4.653386,     0,
06324, 20161105, 0320,        10Min,        Sax3H,      6.005894,     0,
06324, 20161105, 0320,        10Min,        Sax6H,      6.469341,     0,
06324, 20161105, 0320,        10Min,         Sx1H,      6.111576,     0,
06324, 20161105, 0320,        10Min,         Sx3H,       8.06269,     0,
06324, 20161105, 0320,        10Min,         Sx6H,      9.066939,     0,
06324, 20161105, 0320,        10Min,           dd,         319.7,     1,
06324, 20161105, 0320,        10Min,           ff,      2.960386,     0,
06324, 20161105, 0320,        10Min,          ffs,          3.13,     1,
06324, 20161105, 0320,        10Min,          gff,      3.787456,     0,
06324, 20161105, 0320,        10Min,         gffs,          3.96,     1,
06331, 20161105, 0320,        10Min,        Sav1H,      5.370625,     0,
06331, 20161105, 0320,        10Min,        Sax1H,       6.37476,     0,
06331, 20161105, 0320,        10Min,        Sax3H,      7.150324,     0,
06331, 20161105, 0320,        10Min,        Sax6H,      7.386776,     0,
06331, 20161105, 0320,        10Min,         Sx1H,      7.412319,     0,
06331, 20161105, 0320,        10Min,         Sx3H,       8.71306,     0,
06331, 20161105, 0320,        10Min,         Sx6H,      8.875653,     0,
06331, 20161105, 0320,        10Min,           dd,         280.5,     1,
06331, 20161105, 0320,        10Min,           ff,      4.833089,     0,
06331, 20161105, 0320,        10Min,          ffs,          5.11,     1,
06331, 20161105, 0320,        10Min,          gff,      6.312426,     0,
06331, 20161105, 0320,        10Min,         gffs,           6.6,     1,
