06215, 20161105, 0400,        10Min,          D1H,      31.80001,     0,
06215, 20161105, 0400,        10Min,          Q1H,             0,     0,
06215, 20161105, 0400,        10Min,         R12H,      4.519333,     0,
06215, 20161105, 0400,        10Min,          R1H,     .07600001,     0,
06215, 20161105, 0400,        10Min,         R24H,      4.883333,     0,
06215, 20161105, 0400,        10Min,          R6H,      2.321505,     0,
06215, 20161105, 0400,        10Min,        Sav1H,         .8005,     0,
06215, 20161105, 0400,        10Min,        Sax1H,          1.25,     0,
06215, 20161105, 0400,        10Min,        Sax3H,          3.69,     0,
06215, 20161105, 0400,        10Min,        Sax6H,          4.57,     0,
06215, 20161105, 0400,        10Min,         Sx1H,          1.52,     0,
06215, 20161105, 0400,        10Min,         Sx3H,          5.34,     0,
06215, 20161105, 0400,        10Min,         Sx6H,          6.72,     0,
06215, 20161105, 0400,        10Min,        Tgn12,           6.5,     0,
06215, 20161105, 0400,        10Min,        Tgn14,           6.5,     0,
06215, 20161105, 0400,        10Min,         Tgn6,           6.5,     0,
06215, 20161105, 0400,        10Min,         Tn12,           6.6,     0,
06215, 20161105, 0400,        10Min,         Tn14,           6.6,     0,
06215, 20161105, 0400,        10Min,          Tn6,           6.6,     0,
06215, 20161105, 0400,        10Min,         Tx12,             9,     0,
06215, 20161105, 0400,        10Min,         Tx24,          10.3,     0,
06215, 20161105, 0400,        10Min,          Tx6,           7.3,     0,
06215, 20161105, 0400,        10Min,          W10,             5, 12832,
06215, 20161105, 0400,        10Min,       W10-10,             8, 12832,
06215, 20161105, 0400,        10Min,           dd,         251.7,     0,
06215, 20161105, 0400,        10Min,           dn,         250.3,     0,
06215, 20161105, 0400,        10Min,           dr,           504,     0,
06215, 20161105, 0400,        10Min,          dsd,           2.8,     0,
06215, 20161105, 0400,        10Min,           dx,         251.7,     0,
06215, 20161105, 0400,        10Min,           ff,           .43,     0,
06215, 20161105, 0400,        10Min,          ffs,           .43,     0,
06215, 20161105, 0400,        10Min,          fsd,           .16,     0,
06215, 20161105, 0400,        10Min,           fx,          1.34,     0,
06215, 20161105, 0400,        10Min,          fxs,          1.34,     0,
06215, 20161105, 0400,        10Min,          gff,           .78,     0,
06215, 20161105, 0400,        10Min,         gffs,           .78,     0,
06215, 20161105, 0400,        10Min,            h,      2404.921,     0,
06215, 20161105, 0400,        10Min,           h1,      2404.921,     0,
06215, 20161105, 0400,        10Min,           h2,      3904.921,     0,
06215, 20161105, 0400,        10Min,           h3,      4674.921,     0,
06215, 20161105, 0400,        10Min,           hc,      2404.921,     0,
06215, 20161105, 0400,        10Min,          hc1,      2404.921,     0,
06215, 20161105, 0400,        10Min,          hc2,      3904.921,     0,
06215, 20161105, 0400,        10Min,          hc3,      4674.921,     0,
06215, 20161105, 0400,        10Min,            n,             8,     0,
06215, 20161105, 0400,        10Min,           n1,             1,     0,
06215, 20161105, 0400,        10Min,           n2,             6,     0,
06215, 20161105, 0400,        10Min,           n3,             8,     0,
06215, 20161105, 0400,        10Min,           nc,             8,     0,
06215, 20161105, 0400,        10Min,          nc1,             1,     0,
06215, 20161105, 0400,        10Min,          nc2,             6,     0,
06215, 20161105, 0400,        10Min,          nc3,             8,     0,
06215, 20161105, 0400,        10Min,          nhc,             8,     0,
06215, 20161105, 0400,        10Min,           p0,      1001.094,     0,
06215, 20161105, 0400,        10Min,           pg,          .125,     0,
06215, 20161105, 0400,        10Min,           pp,      1000.954,     0,
06215, 20161105, 0400,        10Min,           pr,           420,     0,
06215, 20161105, 0400,        10Min,           ps,        1000.9,     0,
06215, 20161105, 0400,        10Min,          pwc,            50,     0,
06215, 20161105, 0400,        10Min,           qg,             0,     0,
06215, 20161105, 0400,        10Min,          qgn,             0,     0,
06215, 20161105, 0400,        10Min,          qgx,             0,     0,
06215, 20161105, 0400,        10Min,          qnh,      1000.955,     0,
06215, 20161105, 0400,        10Min,           rg,          .084,     0,
06215, 20161105, 0400,        10Min,           rh,            99,     0,
06215, 20161105, 0400,        10Min,          rhb,             1,     0,
06215, 20161105, 0400,        10Min,           sq,             0,     0,
06215, 20161105, 0400,        10Min,           ss,             0,     0,
06215, 20161105, 0400,        10Min,           ta,           6.7,     0,
06215, 20161105, 0400,        10Min,           tb,      6.625632,     0,
06215, 20161105, 0400,        10Min,           td,           6.7,     0,
06215, 20161105, 0400,        10Min,          tgn,           6.5,     0,
06215, 20161105, 0400,        10Min,           tn,           6.6,     0,
06215, 20161105, 0400,        10Min,          tsd,             0,     0,
06215, 20161105, 0400,        10Min,           tx,           6.8,     0,
06215, 20161105, 0400,        10Min,           vv,      1564.699,     0,
06215, 20161105, 0400,        10Min,           ww,            51, 12832,
06215, 20161105, 0400,        10Min,        ww-10,            81, 12832,
06215, 20161105, 0400,        10Min,           za,          4.42,     0,
06215, 20161105, 0400,        10Min,           zm,          1080,     0,
06235, 20161105, 0400,        10Min,          D1H,          10.4,     0,
06235, 20161105, 0400,        10Min,          Q1H,             0,     0,
06235, 20161105, 0400,        10Min,         R12H,      12.84117,     0,
06235, 20161105, 0400,        10Min,          R1H,          .075,     0,
06235, 20161105, 0400,        10Min,         R24H,      15.66548,     0,
06235, 20161105, 0400,        10Min,          R6H,      4.392342,     0,
06235, 20161105, 0400,        10Min,        Sav1H,      1.546333,     0,
06235, 20161105, 0400,        10Min,        Sax1H,          1.93,     0,
06235, 20161105, 0400,        10Min,        Sax3H,          1.93,     0,
06235, 20161105, 0400,        10Min,        Sax6H,          2.59,     0,
06235, 20161105, 0400,        10Min,         Sx1H,          2.43,     0,
06235, 20161105, 0400,        10Min,         Sx3H,          2.43,     0,
06235, 20161105, 0400,        10Min,         Sx6H,          3.58,     0,
06235, 20161105, 0400,        10Min,        Tgn12,           6.5,     0,
06235, 20161105, 0400,        10Min,        Tgn14,           6.5,     0,
06235, 20161105, 0400,        10Min,         Tgn6,           6.5,     0,
06235, 20161105, 0400,        10Min,         Tn12,           6.8,     0,
06235, 20161105, 0400,        10Min,         Tn14,           6.8,     0,
06235, 20161105, 0400,        10Min,          Tn6,           6.8,     0,
06235, 20161105, 0400,        10Min,         Tx12,           9.7,     0,
06235, 20161105, 0400,        10Min,         Tx24,          11.3,     0,
06235, 20161105, 0400,        10Min,          Tx6,           8.3,     0,
06235, 20161105, 0400,        10Min,          W10,             0, 12832,
06235, 20161105, 0400,        10Min,       W10-10,             0, 12832,
06235, 20161105, 0400,        10Min,           dd,         248.5,     0,
06235, 20161105, 0400,        10Min,           dr,             0,     0,
06235, 20161105, 0400,        10Min,          dsd,           5.1,     0,
06235, 20161105, 0400,        10Min,           ff,          1.62,     0,
06235, 20161105, 0400,        10Min,          ffs,          1.62,     0,
06235, 20161105, 0400,        10Min,          fsd,           .22,     0,
06235, 20161105, 0400,        10Min,           fx,          2.28,     0,
06235, 20161105, 0400,        10Min,          fxs,          2.28,     0,
06235, 20161105, 0400,        10Min,          gff,          2.28,     0,
06235, 20161105, 0400,        10Min,         gffs,          2.28,     0,
06235, 20161105, 0400,        10Min,            h,      4304.921,     0,
06235, 20161105, 0400,        10Min,           h1,      4304.921,     0,
06235, 20161105, 0400,        10Min,           h2,      5604.921,     0,
06235, 20161105, 0400,        10Min,           h3,             0,     0,
06235, 20161105, 0400,        10Min,           hc,      4304.921,     0,
06235, 20161105, 0400,        10Min,          hc1,      4304.921,     0,
06235, 20161105, 0400,        10Min,          hc2,      5604.921,     0,
06235, 20161105, 0400,        10Min,          hc3,             0,     0,
06235, 20161105, 0400,        10Min,           hm,              , 22064,
06235, 20161105, 0400,        10Min,          hm1,              , 22064,
06235, 20161105, 0400,        10Min,          hm2,              , 22064,
06235, 20161105, 0400,        10Min,          hm3,              , 22064,
06235, 20161105, 0400,        10Min,            n,             8,     0,
06235, 20161105, 0400,        10Min,           n1,             5,     0,
06235, 20161105, 0400,        10Min,           n2,             8,     0,
06235, 20161105, 0400,        10Min,           n3,             0,     0,
06235, 20161105, 0400,        10Min,           nc,             8,     0,
06235, 20161105, 0400,        10Min,          nc1,             5,     0,
06235, 20161105, 0400,        10Min,          nc2,             8,     0,
06235, 20161105, 0400,        10Min,          nc3,             0,     0,
06235, 20161105, 0400,        10Min,          nhc,             8,     0,
06235, 20161105, 0400,        10Min,           nm,              , 22064,
06235, 20161105, 0400,        10Min,          nm1,              , 22064,
06235, 20161105, 0400,        10Min,          nm2,              , 22064,
06235, 20161105, 0400,        10Min,          nm3,              , 22064,
06235, 20161105, 0400,        10Min,           p0,      1000.167,     0,
06235, 20161105, 0400,        10Min,           pg,             0,     0,
06235, 20161105, 0400,        10Min,           pp,      1000.236,     0,
06235, 20161105, 0400,        10Min,           pr,             0,     0,
06235, 20161105, 0400,        10Min,           ps,        1000.1,     0,
06235, 20161105, 0400,        10Min,          pwc,             0,     0,
06235, 20161105, 0400,        10Min,           qg,             0,     0,
06235, 20161105, 0400,        10Min,          qgn,             0,     0,
06235, 20161105, 0400,        10Min,          qgx,             0,     0,
06235, 20161105, 0400,        10Min,          qnh,      1000.235,     0,
06235, 20161105, 0400,        10Min,           rg,             0,     0,
06235, 20161105, 0400,        10Min,           rh,            93,     0,
06235, 20161105, 0400,        10Min,          rhb,             1,     0,
06235, 20161105, 0400,        10Min,           sq,             0,     0,
06235, 20161105, 0400,        10Min,           ss,             0,     0,
06235, 20161105, 0400,        10Min,           ta,           6.8,     0,
06235, 20161105, 0400,        10Min,           tb,      6.273628,     0,
06235, 20161105, 0400,        10Min,           td,           5.9,     0,
06235, 20161105, 0400,        10Min,          tgn,           6.5,     0,
06235, 20161105, 0400,        10Min,           tn,           6.8,     0,
06235, 20161105, 0400,        10Min,           tx,           6.8,     0,
06235, 20161105, 0400,        10Min,           vv,         49800,     0,
06235, 20161105, 0400,        10Min,           ww,            23, 12832,
06235, 20161105, 0400,        10Min,        ww-10,            23, 12832,
06235, 20161105, 0400,        10Min,           za,          4.59,     0,
06235, 20161105, 0400,        10Min,           zm,         49800,     0,
06240, 20161105, 0400,        10Min,          D1H,          10.6,     0,
06240, 20161105, 0400,        10Min,          Q1H,             0,     0,
06240, 20161105, 0400,        10Min,         R12H,        4.4815,     0,
06240, 20161105, 0400,        10Min,          R1H,             0,     0,
06240, 20161105, 0400,        10Min,         R24H,      5.006983,     0,
06240, 20161105, 0400,        10Min,          R6H,      3.163673,     0,
06240, 20161105, 0400,        10Min,        Sav1H,      2.801833,     0,
06240, 20161105, 0400,        10Min,        Sax1H,          3.21,     0,
06240, 20161105, 0400,        10Min,        Sax3H,          4.04,     0,
06240, 20161105, 0400,        10Min,        Sax6H,          5.44,     0,
06240, 20161105, 0400,        10Min,         Sx1H,          4.35,     0,
06240, 20161105, 0400,        10Min,         Sx3H,          5.46,     0,
06240, 20161105, 0400,        10Min,         Sx6H,          7.36,     0,
06240, 20161105, 0400,        10Min,        Tgn12,           5.6,     0,
06240, 20161105, 0400,        10Min,        Tgn14,           5.6,     0,
06240, 20161105, 0400,        10Min,         Tgn6,           5.6,     0,
06240, 20161105, 0400,        10Min,         Tn12,           6.1,     0,
06240, 20161105, 0400,        10Min,         Tn14,           6.1,     0,
06240, 20161105, 0400,        10Min,          Tn6,           6.1,     0,
06240, 20161105, 0400,        10Min,         Tx12,           8.5,     0,
06240, 20161105, 0400,        10Min,         Tx24,           9.8,     0,
06240, 20161105, 0400,        10Min,          Tx6,           7.1,     0,
06240, 20161105, 0400,        10Min,          W10,             5, 12832,
06240, 20161105, 0400,        10Min,       W10-10,             8, 12832,
06240, 20161105, 0400,        10Min,           dd,         221.8,     0,
06240, 20161105, 0400,        10Min,           dr,             0,     0,
06240, 20161105, 0400,        10Min,          dsd,           6.8,     0,
06240, 20161105, 0400,        10Min,           ff,          2.59,     0,
06240, 20161105, 0400,        10Min,          ffs,          2.59,     0,
06240, 20161105, 0400,        10Min,          fsd,           .28,     0,
06240, 20161105, 0400,        10Min,           fx,           3.4,     0,
06240, 20161105, 0400,        10Min,          fxs,           3.4,     0,
06240, 20161105, 0400,        10Min,          gff,          3.38,     0,
06240, 20161105, 0400,        10Min,         gffs,          3.38,     0,
06240, 20161105, 0400,        10Min,            h,      3548.228,     0,
06240, 20161105, 0400,        10Min,           h1,      3548.228,     0,
06240, 20161105, 0400,        10Min,           h2,      5224.921,     0,
06240, 20161105, 0400,        10Min,           h3,             0,     0,
06240, 20161105, 0400,        10Min,           hc,      3548.228,     0,
06240, 20161105, 0400,        10Min,          hc1,      3548.228,     0,
06240, 20161105, 0400,        10Min,          hc2,      5224.921,     0,
06240, 20161105, 0400,        10Min,          hc3,             0,     0,
06240, 20161105, 0400,        10Min,            n,             7,     0,
06240, 20161105, 0400,        10Min,           n1,             1,     0,
06240, 20161105, 0400,        10Min,           n2,             7,     0,
06240, 20161105, 0400,        10Min,           n3,             0,     0,
06240, 20161105, 0400,        10Min,           nc,             7,     0,
06240, 20161105, 0400,        10Min,          nc1,             1,     0,
06240, 20161105, 0400,        10Min,          nc2,             7,     0,
06240, 20161105, 0400,        10Min,          nc3,             0,     0,
06240, 20161105, 0400,        10Min,          nhc,             7,     0,
06240, 20161105, 0400,        10Min,           p0,      1001.177,     0,
06240, 20161105, 0400,        10Min,           pg,         .0278,     0,
06240, 20161105, 0400,        10Min,           pp,      1000.705,     0,
06240, 20161105, 0400,        10Min,           pr,            84,     0,
06240, 20161105, 0400,        10Min,           ps,        1001.1,     0,
06240, 20161105, 0400,        10Min,          pwc,            50,     0,
06240, 20161105, 0400,        10Min,           qg,             0,     0,
06240, 20161105, 0400,        10Min,          qgn,             0,     0,
06240, 20161105, 0400,        10Min,          qgx,             0,     0,
06240, 20161105, 0400,        10Min,          qnh,      1000.712,     0,
06240, 20161105, 0400,        10Min,           rg,             0,     0,
06240, 20161105, 0400,        10Min,           rh,            97,     0,
06240, 20161105, 0400,        10Min,          rhb,             1,     0,
06240, 20161105, 0400,        10Min,           sq,             0,     0,
06240, 20161105, 0400,        10Min,           ss,             0,     0,
06240, 20161105, 0400,        10Min,           ta,           6.2,     0,
06240, 20161105, 0400,        10Min,           tb,      5.980592,     0,
06240, 20161105, 0400,        10Min,           td,           5.8,     0,
06240, 20161105, 0400,        10Min,          tgn,           5.7,     0,
06240, 20161105, 0400,        10Min,           tn,           6.2,     0,
06240, 20161105, 0400,        10Min,          tsd,            .1,     0,
06240, 20161105, 0400,        10Min,           tx,           6.3,     0,
06240, 20161105, 0400,        10Min,           vv,      2448.531,     0,
06240, 20161105, 0400,        10Min,           ww,            51, 12832,
06240, 20161105, 0400,        10Min,        ww-10,            81, 12832,
06240, 20161105, 0400,        10Min,           za,             4,     0,
06240, 20161105, 0400,        10Min,           zm,          2090,     0,
06242, 20161105, 0400,        10Min,        Sav1H,        1.6955,     0,
06242, 20161105, 0400,        10Min,        Sax1H,          2.51,     0,
06242, 20161105, 0400,        10Min,        Sax3H,          3.81,     0,
06242, 20161105, 0400,        10Min,        Sax6H,          3.96,     0,
06242, 20161105, 0400,        10Min,         Sx1H,           2.7,     0,
06242, 20161105, 0400,        10Min,         Sx3H,          4.45,     0,
06242, 20161105, 0400,        10Min,         Sx6H,          4.47,     0,
06242, 20161105, 0400,        10Min,        Tgn12,           6.4,     0,
06242, 20161105, 0400,        10Min,        Tgn14,           6.4,     0,
06242, 20161105, 0400,        10Min,         Tgn6,           6.4,     0,
06242, 20161105, 0400,        10Min,         Tn12,           6.6,     0,
06242, 20161105, 0400,        10Min,         Tn14,           6.6,     0,
06242, 20161105, 0400,        10Min,          Tn6,           6.6,     0,
06242, 20161105, 0400,        10Min,         Tx12,            10,     0,
06242, 20161105, 0400,        10Min,         Tx24,          12.6,     0,
06242, 20161105, 0400,        10Min,          Tx6,           8.2,     0,
06242, 20161105, 0400,        10Min,          W10,             5, 12832,
06242, 20161105, 0400,        10Min,       W10-10,             8, 12832,
06242, 20161105, 0400,        10Min,           dd,         227.8,     0,
06242, 20161105, 0400,        10Min,          dsd,           4.5,     0,
06242, 20161105, 0400,        10Min,           ff,          2.51,     0,
06242, 20161105, 0400,        10Min,          ffs,          2.51,     0,
06242, 20161105, 0400,        10Min,          fsd,            .1,     0,
06242, 20161105, 0400,        10Min,           fx,           2.7,     0,
06242, 20161105, 0400,        10Min,          fxs,           2.7,     0,
06242, 20161105, 0400,        10Min,          gff,           2.7,     0,
06242, 20161105, 0400,        10Min,         gffs,           2.7,     0,
06242, 20161105, 0400,        10Min,            h,      974.9213,     0,
06242, 20161105, 0400,        10Min,           h1,      974.9213,     0,
06242, 20161105, 0400,        10Min,           h2,      2504.921,     0,
06242, 20161105, 0400,        10Min,           h3,      2974.921,     0,
06242, 20161105, 0400,        10Min,           hc,      974.9213,     0,
06242, 20161105, 0400,        10Min,          hc1,      974.9213,     0,
06242, 20161105, 0400,        10Min,          hc2,      2504.921,     0,
06242, 20161105, 0400,        10Min,          hc3,      2974.921,     0,
06242, 20161105, 0400,        10Min,            n,             7,     0,
06242, 20161105, 0400,        10Min,           n1,             1,     0,
06242, 20161105, 0400,        10Min,           n2,             3,     0,
06242, 20161105, 0400,        10Min,           n3,             7,     0,
06242, 20161105, 0400,        10Min,           nc,             8,     0,
06242, 20161105, 0400,        10Min,          nc1,             1,     0,
06242, 20161105, 0400,        10Min,          nc2,             3,     0,
06242, 20161105, 0400,        10Min,          nc3,             7,     0,
06242, 20161105, 0400,        10Min,          nhc,             8,     0,
06242, 20161105, 0400,        10Min,           p0,      999.9562,     0,
06242, 20161105, 0400,        10Min,           pg,           .14,     0,
06242, 20161105, 0400,        10Min,           pp,      1000.165,     0,
06242, 20161105, 0400,        10Min,           pr,           444,     0,
06242, 20161105, 0400,        10Min,           ps,         998.9,     0,
06242, 20161105, 0400,        10Min,          pwc,            50,     0,
06242, 20161105, 0400,        10Min,          qnh,      1000.163,     0,
06242, 20161105, 0400,        10Min,           rh,            92,     0,
06242, 20161105, 0400,        10Min,          rhb,             1,     0,
06242, 20161105, 0400,        10Min,           sq,             0,     0,
06242, 20161105, 0400,        10Min,           ta,           6.8,     0,
06242, 20161105, 0400,        10Min,           tb,      6.197712,     0,
06242, 20161105, 0400,        10Min,           td,           5.6,     0,
06242, 20161105, 0400,        10Min,          tgn,           6.6,     0,
06242, 20161105, 0400,        10Min,           tn,           6.8,     0,
06242, 20161105, 0400,        10Min,           tx,           6.8,     0,
06242, 20161105, 0400,        10Min,           vv,         20000,     0,
06242, 20161105, 0400,        10Min,           ww,            52, 12832,
06242, 20161105, 0400,        10Min,        ww-10,            81, 12832,
06242, 20161105, 0400,        10Min,           za,           5.7,     0,
06242, 20161105, 0400,        10Min,           zm,         20000,     0,
06269, 20161105, 0400,        10Min,          D1H,      42.00001,     0,
06269, 20161105, 0400,        10Min,          Q1H,             0,     0,
06269, 20161105, 0400,        10Min,         R12H,        3.4145,     0,
06269, 20161105, 0400,        10Min,          R1H,          .217,     0,
06269, 20161105, 0400,        10Min,         R24H,      3.766333,     0,
06269, 20161105, 0400,        10Min,          R6H,      3.099506,     0,
06269, 20161105, 0400,        10Min,        Sav1H,         3.707,     0,
06269, 20161105, 0400,        10Min,        Sax1H,           4.2,     0,
06269, 20161105, 0400,        10Min,        Sax3H,          4.57,     0,
06269, 20161105, 0400,        10Min,        Sax6H,          4.57,     0,
06269, 20161105, 0400,        10Min,         Sx1H,          5.94,     0,
06269, 20161105, 0400,        10Min,         Sx3H,          5.94,     0,
06269, 20161105, 0400,        10Min,         Sx6H,          6.74,     0,
06269, 20161105, 0400,        10Min,        Tgn12,             6,     0,
06269, 20161105, 0400,        10Min,        Tgn14,             6,     0,
06269, 20161105, 0400,        10Min,         Tgn6,             6,     0,
06269, 20161105, 0400,        10Min,         Tn12,             6,     0,
06269, 20161105, 0400,        10Min,         Tn14,             6,     0,
06269, 20161105, 0400,        10Min,          Tn6,             6,     0,
06269, 20161105, 0400,        10Min,         Tx12,           7.9,     0,
06269, 20161105, 0400,        10Min,         Tx24,           9.2,     0,
06269, 20161105, 0400,        10Min,          Tx6,             7,     0,
06269, 20161105, 0400,        10Min,          W10,             6, 12832,
06269, 20161105, 0400,        10Min,       W10-10,             6, 12832,
06269, 20161105, 0400,        10Min,           dd,         205.9,     0,
06269, 20161105, 0400,        10Min,           dr,           516,     0,
06269, 20161105, 0400,        10Min,          dsd,           6.9,     0,
06269, 20161105, 0400,        10Min,           ff,          3.79,     0,
06269, 20161105, 0400,        10Min,          ffs,          3.79,     0,
06269, 20161105, 0400,        10Min,          fsd,           .49,     0,
06269, 20161105, 0400,        10Min,           fx,          5.25,     0,
06269, 20161105, 0400,        10Min,          fxs,          5.25,     0,
06269, 20161105, 0400,        10Min,          gff,          5.25,     0,
06269, 20161105, 0400,        10Min,         gffs,          5.25,     0,
06269, 20161105, 0400,        10Min,            h,      374.9213,     0,
06269, 20161105, 0400,        10Min,           h1,      374.9213,     0,
06269, 20161105, 0400,        10Min,           h2,      504.9213,     0,
06269, 20161105, 0400,        10Min,           h3,      654.9213,     0,
06269, 20161105, 0400,        10Min,           hc,      374.9213,     0,
06269, 20161105, 0400,        10Min,          hc1,      374.9213,     0,
06269, 20161105, 0400,        10Min,          hc2,      504.9213,     0,
06269, 20161105, 0400,        10Min,          hc3,      654.9213,     0,
06269, 20161105, 0400,        10Min,           hm,              , 22064,
06269, 20161105, 0400,        10Min,          hm1,              , 22064,
06269, 20161105, 0400,        10Min,          hm2,              , 22064,
06269, 20161105, 0400,        10Min,          hm3,              , 22064,
06269, 20161105, 0400,        10Min,            n,             8,     0,
06269, 20161105, 0400,        10Min,           n1,             2,     0,
06269, 20161105, 0400,        10Min,           n2,             5,     0,
06269, 20161105, 0400,        10Min,           n3,             8,     0,
06269, 20161105, 0400,        10Min,           nc,             8,     0,
06269, 20161105, 0400,        10Min,          nc1,             2,     0,
06269, 20161105, 0400,        10Min,          nc2,             5,     0,
06269, 20161105, 0400,        10Min,          nc3,             8,     0,
06269, 20161105, 0400,        10Min,          nhc,             8,     0,
06269, 20161105, 0400,        10Min,           nm,              , 22064,
06269, 20161105, 0400,        10Min,          nm1,              , 22064,
06269, 20161105, 0400,        10Min,          nm2,              , 22064,
06269, 20161105, 0400,        10Min,          nm3,              , 22064,
06269, 20161105, 0400,        10Min,           p0,      1000.964,     0,
06269, 20161105, 0400,        10Min,           pg,          .139,     0,
06269, 20161105, 0400,        10Min,           pp,      1000.425,     0,
06269, 20161105, 0400,        10Min,           pr,           360,     0,
06269, 20161105, 0400,        10Min,           ps,        1000.9,     0,
06269, 20161105, 0400,        10Min,          pwc,            57,     0,
06269, 20161105, 0400,        10Min,           qg,             0,     0,
06269, 20161105, 0400,        10Min,          qgn,             0,     0,
06269, 20161105, 0400,        10Min,          qgx,             0,     0,
06269, 20161105, 0400,        10Min,          qnh,      1000.434,     0,
06269, 20161105, 0400,        10Min,           rg,          .096,     0,
06269, 20161105, 0400,        10Min,           rh,            96,     0,
06269, 20161105, 0400,        10Min,          rhb,             1,     0,
06269, 20161105, 0400,        10Min,           sq,             0,     0,
06269, 20161105, 0400,        10Min,           ss,             0,     0,
06269, 20161105, 0400,        10Min,           ta,           6.1,     0,
06269, 20161105, 0400,        10Min,           tb,      5.808219,     0,
06269, 20161105, 0400,        10Min,           td,           5.5,     0,
06269, 20161105, 0400,        10Min,          tgn,             6,     0,
06269, 20161105, 0400,        10Min,           tn,             6,     0,
06269, 20161105, 0400,        10Min,           tx,           6.1,     0,
06269, 20161105, 0400,        10Min,           vv,          3380,     0,
06269, 20161105, 0400,        10Min,           ww,            57, 12832,
06269, 20161105, 0400,        10Min,        ww-10,            61, 12832,
06269, 20161105, 0400,        10Min,           za,             4,     0,
06269, 20161105, 0400,        10Min,           zm,          3380,     0,
06270, 20161105, 0400,        10Min,          D1H,      60.00001,     0,
06270, 20161105, 0400,        10Min,          Q1H,             0,     0,
06270, 20161105, 0400,        10Min,         R12H,      5.879667,     0,
06270, 20161105, 0400,        10Min,          R1H,          .905,     0,
06270, 20161105, 0400,        10Min,         R24H,        6.3215,     0,
06270, 20161105, 0400,        10Min,          R6H,      5.655845,     0,
06270, 20161105, 0400,        10Min,        Sav1H,         2.259,     0,
06270, 20161105, 0400,        10Min,        Sax1H,          2.72,     0,
06270, 20161105, 0400,        10Min,        Sax3H,          3.71,     0,
06270, 20161105, 0400,        10Min,        Sax6H,          3.71,     0,
06270, 20161105, 0400,        10Min,         Sx1H,           4.1,     0,
06270, 20161105, 0400,        10Min,         Sx3H,           5.4,     0,
06270, 20161105, 0400,        10Min,         Sx6H,           5.4,     0,
06270, 20161105, 0400,        10Min,        Tgn12,           6.5,     0,
06270, 20161105, 0400,        10Min,        Tgn14,           6.5,     0,
06270, 20161105, 0400,        10Min,         Tgn6,           6.5,     0,
06270, 20161105, 0400,        10Min,         Tn12,           6.5,     0,
06270, 20161105, 0400,        10Min,         Tn14,           6.5,     0,
06270, 20161105, 0400,        10Min,          Tn6,           6.5,     0,
06270, 20161105, 0400,        10Min,         Tx12,           8.4,     0,
06270, 20161105, 0400,        10Min,         Tx24,           9.7,     0,
06270, 20161105, 0400,        10Min,          Tx6,           7.4,     0,
06270, 20161105, 0400,        10Min,          W10,             6, 12832,
06270, 20161105, 0400,        10Min,       W10-10,             6, 12832,
06270, 20161105, 0400,        10Min,           dd,         237.3,     0,
06270, 20161105, 0400,        10Min,           dr,           600,     0,
06270, 20161105, 0400,        10Min,          dsd,          32.3,     0,
06270, 20161105, 0400,        10Min,           ff,          1.17,     0,
06270, 20161105, 0400,        10Min,          ffs,          1.17,     0,
06270, 20161105, 0400,        10Min,          fsd,           .51,     0,
06270, 20161105, 0400,        10Min,           fx,          3.13,     0,
06270, 20161105, 0400,        10Min,          fxs,          3.13,     0,
06270, 20161105, 0400,        10Min,          gff,          2.33,     0,
06270, 20161105, 0400,        10Min,         gffs,          2.33,     0,
06270, 20161105, 0400,        10Min,            h,      164.9213,     0,
06270, 20161105, 0400,        10Min,           h1,      164.9213,     0,
06270, 20161105, 0400,        10Min,           h2,      624.9213,     0,
06270, 20161105, 0400,        10Min,           h3,      784.9213,     0,
06270, 20161105, 0400,        10Min,           hc,      164.9213,     0,
06270, 20161105, 0400,        10Min,          hc1,      164.9213,     0,
06270, 20161105, 0400,        10Min,          hc2,      624.9213,     0,
06270, 20161105, 0400,        10Min,          hc3,      784.9213,     0,
06270, 20161105, 0400,        10Min,            n,             8,     0,
06270, 20161105, 0400,        10Min,           n1,             4,     0,
06270, 20161105, 0400,        10Min,           n2,             6,     0,
06270, 20161105, 0400,        10Min,           n3,             8,     0,
06270, 20161105, 0400,        10Min,           nc,             8,     0,
06270, 20161105, 0400,        10Min,          nc1,             4,     0,
06270, 20161105, 0400,        10Min,          nc2,             6,     0,
06270, 20161105, 0400,        10Min,          nc3,             8,     0,
06270, 20161105, 0400,        10Min,          nhc,             8,     0,
06270, 20161105, 0400,        10Min,           p0,      999.7898,     0,
06270, 20161105, 0400,        10Min,           pg,          1.45,     0,
06270, 20161105, 0400,        10Min,           pp,      999.8227,     0,
06270, 20161105, 0400,        10Min,           pr,           600,     0,
06270, 20161105, 0400,        10Min,           ps,         999.7,     0,
06270, 20161105, 0400,        10Min,          pwc,            60,     0,
06270, 20161105, 0400,        10Min,           qg,             0,     0,
06270, 20161105, 0400,        10Min,          qgn,             0,     0,
06270, 20161105, 0400,        10Min,          qgx,             0,     0,
06270, 20161105, 0400,        10Min,          qnh,      999.8223,     0,
06270, 20161105, 0400,        10Min,           rg,          1.61,     0,
06270, 20161105, 0400,        10Min,           rh,            98,     0,
06270, 20161105, 0400,        10Min,          rhb,             1,     0,
06270, 20161105, 0400,        10Min,           sq,             0,     0,
06270, 20161105, 0400,        10Min,           ss,             0,     0,
06270, 20161105, 0400,        10Min,           ta,           6.6,     0,
06270, 20161105, 0400,        10Min,           tb,      6.451574,     0,
06270, 20161105, 0400,        10Min,           td,           6.3,     0,
06270, 20161105, 0400,        10Min,          tgn,           6.5,     0,
06270, 20161105, 0400,        10Min,           tn,           6.6,     0,
06270, 20161105, 0400,        10Min,           tx,           6.6,     0,
06270, 20161105, 0400,        10Min,           vv,      3002.917,     0,
06270, 20161105, 0400,        10Min,           ww,            62, 12832,
06270, 20161105, 0400,        10Min,        ww-10,            58, 12832,
06270, 20161105, 0400,        10Min,           za,             4,     0,
06270, 20161105, 0400,        10Min,           zm,          2900,     0,
06275, 20161105, 0400,        10Min,          D1H,      36.20001,     0,
06275, 20161105, 0400,        10Min,          Q1H,           .36,     0,
06275, 20161105, 0400,        10Min,         R12H,          1.21,     0,
06275, 20161105, 0400,        10Min,          R1H,          .282,     0,
06275, 20161105, 0400,        10Min,         R24H,          1.21,     0,
06275, 20161105, 0400,        10Min,          R6H,      1.167002,     0,
06275, 20161105, 0400,        10Min,        Sav1H,      3.957333,     0,
06275, 20161105, 0400,        10Min,        Sax1H,          4.55,     0,
06275, 20161105, 0400,        10Min,        Sax3H,          4.55,     0,
06275, 20161105, 0400,        10Min,        Sax6H,          4.55,     0,
06275, 20161105, 0400,        10Min,         Sx1H,          7.28,     0,
06275, 20161105, 0400,        10Min,         Sx3H,          7.28,     0,
06275, 20161105, 0400,        10Min,         Sx6H,          7.28,     0,
06275, 20161105, 0400,        10Min,        Tgn12,           5.2,     0,
06275, 20161105, 0400,        10Min,        Tgn14,           5.2,     0,
06275, 20161105, 0400,        10Min,         Tgn6,           5.7,     0,
06275, 20161105, 0400,        10Min,         Tn12,           5.7,     0,
06275, 20161105, 0400,        10Min,         Tn14,           5.7,     0,
06275, 20161105, 0400,        10Min,          Tn6,           5.7,     0,
06275, 20161105, 0400,        10Min,         Tx12,           8.4,     0,
06275, 20161105, 0400,        10Min,         Tx24,           9.6,     0,
06275, 20161105, 0400,        10Min,          Tx6,           6.7,     0,
06275, 20161105, 0400,        10Min,          W10,             0, 12832,
06275, 20161105, 0400,        10Min,       W10-10,             5, 12832,
06275, 20161105, 0400,        10Min,           dd,         214.1,     0,
06275, 20161105, 0400,        10Min,           dr,             0,     0,
06275, 20161105, 0400,        10Min,          dsd,           8.3,     0,
06275, 20161105, 0400,        10Min,           ff,          4.26,     0,
06275, 20161105, 0400,        10Min,          ffs,          4.26,     0,
06275, 20161105, 0400,        10Min,          fsd,           .43,     0,
06275, 20161105, 0400,        10Min,           fx,           5.4,     0,
06275, 20161105, 0400,        10Min,          fxs,           5.4,     0,
06275, 20161105, 0400,        10Min,          gff,           5.4,     0,
06275, 20161105, 0400,        10Min,         gffs,           5.4,     0,
06275, 20161105, 0400,        10Min,            h,      354.9213,     0,
06275, 20161105, 0400,        10Min,           h1,      354.9213,     0,
06275, 20161105, 0400,        10Min,           h2,      474.9213,     0,
06275, 20161105, 0400,        10Min,           h3,             0,     0,
06275, 20161105, 0400,        10Min,           hc,      354.9213,     0,
06275, 20161105, 0400,        10Min,          hc1,      354.9213,     0,
06275, 20161105, 0400,        10Min,          hc2,      474.9213,     0,
06275, 20161105, 0400,        10Min,          hc3,             0,     0,
06275, 20161105, 0400,        10Min,            n,             8,     0,
06275, 20161105, 0400,        10Min,           n1,             6,     0,
06275, 20161105, 0400,        10Min,           n2,             8,     0,
06275, 20161105, 0400,        10Min,           n3,             0,     0,
06275, 20161105, 0400,        10Min,           nc,             8,     0,
06275, 20161105, 0400,        10Min,          nc1,             6,     0,
06275, 20161105, 0400,        10Min,          nc2,             8,     0,
06275, 20161105, 0400,        10Min,          nc3,             0,     0,
06275, 20161105, 0400,        10Min,          nhc,             8,     0,
06275, 20161105, 0400,        10Min,           p0,      995.3833,     0,
06275, 20161105, 0400,        10Min,           pg,             0,     0,
06275, 20161105, 0400,        10Min,           pp,      1000.875,     0,
06275, 20161105, 0400,        10Min,           pr,             0,     0,
06275, 20161105, 0400,        10Min,           ps,         995.2,     0,
06275, 20161105, 0400,        10Min,          pwc,             0,     0,
06275, 20161105, 0400,        10Min,           qg,             1,     0,
06275, 20161105, 0400,        10Min,          qgn,             0,     0,
06275, 20161105, 0400,        10Min,          qgx,             1,     0,
06275, 20161105, 0400,        10Min,          qnh,      1000.817,     0,
06275, 20161105, 0400,        10Min,           rg,          .018,  8192,
06275, 20161105, 0400,        10Min,           rh,            97,     0,
06275, 20161105, 0400,        10Min,          rhb,             1,     0,
06275, 20161105, 0400,        10Min,           sq,             0,     0,
06275, 20161105, 0400,        10Min,           ss,             0,     0,
06275, 20161105, 0400,        10Min,           ta,           5.9,     0,
06275, 20161105, 0400,        10Min,           tb,      5.683146,     0,
06275, 20161105, 0400,        10Min,           td,           5.6,     0,
06275, 20161105, 0400,        10Min,          tgn,           5.9,     0,
06275, 20161105, 0400,        10Min,           tn,           5.9,     0,
06275, 20161105, 0400,        10Min,           tx,           5.9,     0,
06275, 20161105, 0400,        10Min,           vv,      2734.064,     0,
06275, 20161105, 0400,        10Min,           ww,            23, 12832,
06275, 20161105, 0400,        10Min,        ww-10,            51, 12832,
06275, 20161105, 0400,        10Min,           za,             4,     0,
06275, 20161105, 0400,        10Min,           zm,          2490,     0,
06280, 20161105, 0400,        10Min,          D1H,      54.80001,     0,
06280, 20161105, 0400,        10Min,          Q1H,             0,     0,
06280, 20161105, 0400,        10Min,         R12H,      2.152833,     0,
06280, 20161105, 0400,        10Min,          R1H,         1.291,     0,
06280, 20161105, 0400,        10Min,         R24H,      2.540817,     0,
06280, 20161105, 0400,        10Min,          R6H,      2.152838,     0,
06280, 20161105, 0400,        10Min,        Sav1H,      2.826333,     0,
06280, 20161105, 0400,        10Min,        Sax1H,          2.94,     0,
06280, 20161105, 0400,        10Min,        Sax3H,          3.71,     0,
06280, 20161105, 0400,        10Min,        Sax6H,          3.71,     0,
06280, 20161105, 0400,        10Min,         Sx1H,          4.86,     0,
06280, 20161105, 0400,        10Min,         Sx3H,          5.44,     0,
06280, 20161105, 0400,        10Min,         Sx6H,          5.44,     0,
06280, 20161105, 0400,        10Min,        Tgn12,           5.7,     0,
06280, 20161105, 0400,        10Min,        Tgn14,           5.7,     0,
06280, 20161105, 0400,        10Min,         Tgn6,           5.8,     0,
06280, 20161105, 0400,        10Min,         Tn12,           5.8,     0,
06280, 20161105, 0400,        10Min,         Tn14,           5.8,     0,
06280, 20161105, 0400,        10Min,          Tn6,           5.8,     0,
06280, 20161105, 0400,        10Min,         Tx12,             8,     0,
06280, 20161105, 0400,        10Min,         Tx24,           8.8,     0,
06280, 20161105, 0400,        10Min,          Tx6,             7,     0,
06280, 20161105, 0400,        10Min,          W10,             5, 12832,
06280, 20161105, 0400,        10Min,       W10-10,             6, 12832,
06280, 20161105, 0400,        10Min,           dd,         184.1,     0,
06280, 20161105, 0400,        10Min,           dr,           600,     0,
06280, 20161105, 0400,        10Min,          dsd,           9.3,     0,
06280, 20161105, 0400,        10Min,           ff,           2.7,     0,
06280, 20161105, 0400,        10Min,          ffs,           2.7,     0,
06280, 20161105, 0400,        10Min,          fsd,           .49,     0,
06280, 20161105, 0400,        10Min,           fx,          4.86,     0,
06280, 20161105, 0400,        10Min,          fxs,          4.86,     0,
06280, 20161105, 0400,        10Min,          gff,          4.02,     0,
06280, 20161105, 0400,        10Min,         gffs,          4.02,     0,
06280, 20161105, 0400,        10Min,            h,      554.9213,     0,
06280, 20161105, 0400,        10Min,           h1,      554.9213,     0,
06280, 20161105, 0400,        10Min,           h2,      674.9213,     0,
06280, 20161105, 0400,        10Min,           h3,      804.9213,     0,
06280, 20161105, 0400,        10Min,           hc,      554.9213,     0,
06280, 20161105, 0400,        10Min,          hc1,      554.9213,     0,
06280, 20161105, 0400,        10Min,          hc2,      674.9213,     0,
06280, 20161105, 0400,        10Min,          hc3,      804.9213,     0,
06280, 20161105, 0400,        10Min,           hm,              , 22064,
06280, 20161105, 0400,        10Min,          hm1,              , 22064,
06280, 20161105, 0400,        10Min,          hm2,              , 22064,
06280, 20161105, 0400,        10Min,          hm3,              , 22064,
06280, 20161105, 0400,        10Min,            n,             8,     0,
06280, 20161105, 0400,        10Min,           n1,             5,     0,
06280, 20161105, 0400,        10Min,           n2,             7,     0,
06280, 20161105, 0400,        10Min,           n3,             8,     0,
06280, 20161105, 0400,        10Min,           nc,             8,     0,
06280, 20161105, 0400,        10Min,          nc1,             5,     0,
06280, 20161105, 0400,        10Min,          nc2,             7,     0,
06280, 20161105, 0400,        10Min,          nc3,             8,     0,
06280, 20161105, 0400,        10Min,          nhc,             8,     0,
06280, 20161105, 0400,        10Min,           nm,              , 22064,
06280, 20161105, 0400,        10Min,          nm1,              , 22064,
06280, 20161105, 0400,        10Min,          nm2,              , 22064,
06280, 20161105, 0400,        10Min,          nm3,              , 22064,
06280, 20161105, 0400,        10Min,           p0,       999.994,     0,
06280, 20161105, 0400,        10Min,           pg,         .0869,     0,
06280, 20161105, 0400,        10Min,           pp,      1000.388,     0,
06280, 20161105, 0400,        10Min,           pr,           288,     0,
06280, 20161105, 0400,        10Min,           ps,          1000,     0,
06280, 20161105, 0400,        10Min,          pwc,            50,     0,
06280, 20161105, 0400,        10Min,           qg,             0,     0,
06280, 20161105, 0400,        10Min,          qgn,             0,     0,
06280, 20161105, 0400,        10Min,          qgx,             0,     0,
06280, 20161105, 0400,        10Min,          qnh,      1000.382,     0,
06280, 20161105, 0400,        10Min,           rg,          .144,     0,
06280, 20161105, 0400,        10Min,           rh,            96,     0,
06280, 20161105, 0400,        10Min,          rhb,             1,     0,
06280, 20161105, 0400,        10Min,           sq,             0,     0,
06280, 20161105, 0400,        10Min,           ss,             0,     0,
06280, 20161105, 0400,        10Min,           ta,           5.8,     0,
06280, 20161105, 0400,        10Min,           tb,      5.511601,     0,
06280, 20161105, 0400,        10Min,           td,           5.3,     0,
06280, 20161105, 0400,        10Min,          tgn,           5.8,     0,
06280, 20161105, 0400,        10Min,           tn,           5.8,     0,
06280, 20161105, 0400,        10Min,           tx,           5.9,     0,
06280, 20161105, 0400,        10Min,           vv,          5220,     0,
06280, 20161105, 0400,        10Min,           ww,            52, 12832,
06280, 20161105, 0400,        10Min,        ww-10,            62, 12832,
06280, 20161105, 0400,        10Min,           za,             4,     0,
06280, 20161105, 0400,        10Min,           zm,          5220,     0,
06340, 20161105, 0400,        10Min,        Sav1H,      3.192667,     0,
06340, 20161105, 0400,        10Min,        Sax1H,           3.6,     0,
06340, 20161105, 0400,        10Min,        Sax3H,          5.32,     0,
06340, 20161105, 0400,        10Min,        Sax6H,          5.52,     0,
06340, 20161105, 0400,        10Min,         Sx1H,          5.36,     0,
06340, 20161105, 0400,        10Min,         Sx3H,          7.89,     0,
06340, 20161105, 0400,        10Min,         Sx6H,         10.23,     0,
06340, 20161105, 0400,        10Min,        Tgn12,           6.3,     0,
06340, 20161105, 0400,        10Min,        Tgn14,           6.3,     0,
06340, 20161105, 0400,        10Min,         Tgn6,           6.3,     0,
06340, 20161105, 0400,        10Min,         Tn12,           6.4,     0,
06340, 20161105, 0400,        10Min,         Tn14,           6.4,     0,
06340, 20161105, 0400,        10Min,          Tn6,           6.4,     0,
06340, 20161105, 0400,        10Min,         Tx12,           9.2,     0,
06340, 20161105, 0400,        10Min,         Tx24,            10,     0,
06340, 20161105, 0400,        10Min,          Tx6,           7.9,     0,
06340, 20161105, 0400,        10Min,          W10,             8, 12832,
06340, 20161105, 0400,        10Min,       W10-10,             0, 12832,
06340, 20161105, 0400,        10Min,           dd,         241.6,     0,
06340, 20161105, 0400,        10Min,          dsd,           7.2,     0,
06340, 20161105, 0400,        10Min,           ff,          3.36,     0,
06340, 20161105, 0400,        10Min,          ffs,          3.36,     0,
06340, 20161105, 0400,        10Min,          fsd,           .47,     0,
06340, 20161105, 0400,        10Min,           fx,          4.76,     0,
06340, 20161105, 0400,        10Min,          fxs,          4.76,     0,
06340, 20161105, 0400,        10Min,          gff,          4.76,     0,
06340, 20161105, 0400,        10Min,         gffs,          4.76,     0,
06340, 20161105, 0400,        10Min,            h,      484.9213,     0,
06340, 20161105, 0400,        10Min,           h1,      484.9213,     0,
06340, 20161105, 0400,        10Min,           h2,      654.9213,     0,
06340, 20161105, 0400,        10Min,           h3,      794.9213,     0,
06340, 20161105, 0400,        10Min,           hc,      484.9213,     0,
06340, 20161105, 0400,        10Min,          hc1,      484.9213,     0,
06340, 20161105, 0400,        10Min,          hc2,      654.9213,     0,
06340, 20161105, 0400,        10Min,          hc3,      794.9213,     0,
06340, 20161105, 0400,        10Min,            n,             7,     0,
06340, 20161105, 0400,        10Min,           n1,             2,     0,
06340, 20161105, 0400,        10Min,           n2,             4,     0,
06340, 20161105, 0400,        10Min,           n3,             7,     0,
06340, 20161105, 0400,        10Min,           nc,             8,     0,
06340, 20161105, 0400,        10Min,          nc1,             2,     0,
06340, 20161105, 0400,        10Min,          nc2,             4,     0,
06340, 20161105, 0400,        10Min,          nc3,             7,     0,
06340, 20161105, 0400,        10Min,          nhc,             8,     0,
06340, 20161105, 0400,        10Min,           p0,      999.8904,     0,
06340, 20161105, 0400,        10Min,           pg,         .0284,     0,
06340, 20161105, 0400,        10Min,           pp,      1001.715,     0,
06340, 20161105, 0400,        10Min,           pr,            72,     0,
06340, 20161105, 0400,        10Min,           ps,         999.7,     0,
06340, 20161105, 0400,        10Min,          pwc,            60,     0,
06340, 20161105, 0400,        10Min,          qnh,      1001.697,     0,
06340, 20161105, 0400,        10Min,           rh,            94,     0,
06340, 20161105, 0400,        10Min,          rhb,             1,     0,
06340, 20161105, 0400,        10Min,           sq,             0,     0,
06340, 20161105, 0400,        10Min,           ta,           7.9,     0,
06340, 20161105, 0400,        10Min,           tb,      7.430766,     0,
06340, 20161105, 0400,        10Min,           td,           7.1,     0,
06340, 20161105, 0400,        10Min,          tgn,           7.6,     0,
06340, 20161105, 0400,        10Min,           tn,           7.8,     0,
06340, 20161105, 0400,        10Min,           tx,           7.9,     0,
06340, 20161105, 0400,        10Min,           vv,              , 22064,
06340, 20161105, 0400,        10Min,           ww,            81, 12832,
06340, 20161105, 0400,        10Min,        ww-10,            22, 12832,
06340, 20161105, 0400,        10Min,           za,              , 22064,
06340, 20161105, 0400,        10Min,           zm,          6120,     0,
06344, 20161105, 0400,        10Min,          D1H,      9.400002,     0,
06344, 20161105, 0400,        10Min,          Q1H,           .36,     0,
06344, 20161105, 0400,        10Min,         R12H,       4.29515,     0,
06344, 20161105, 0400,        10Min,          R1H,          .032,     0,
06344, 20161105, 0400,        10Min,         R24H,       4.29515,     0,
06344, 20161105, 0400,        10Min,          R6H,      2.246155,     0,
06344, 20161105, 0400,        10Min,        Sav1H,        1.5645,     0,
06344, 20161105, 0400,        10Min,        Sax1H,           2.2,     0,
06344, 20161105, 0400,        10Min,        Sax3H,          4.51,     0,
06344, 20161105, 0400,        10Min,        Sax6H,           5.5,     0,
06344, 20161105, 0400,        10Min,         Sx1H,          3.25,     0,
06344, 20161105, 0400,        10Min,         Sx3H,          6.82,     0,
06344, 20161105, 0400,        10Min,         Sx6H,          7.96,     0,
06344, 20161105, 0400,        10Min,        Tgn12,           6.7,     0,
06344, 20161105, 0400,        10Min,        Tgn14,           6.7,     0,
06344, 20161105, 0400,        10Min,         Tgn6,           6.7,     0,
06344, 20161105, 0400,        10Min,         Tn12,           6.7,     0,
06344, 20161105, 0400,        10Min,         Tn14,           6.7,     0,
06344, 20161105, 0400,        10Min,          Tn6,           6.7,     0,
06344, 20161105, 0400,        10Min,         Tx12,           8.9,     0,
06344, 20161105, 0400,        10Min,         Tx24,           9.9,     0,
06344, 20161105, 0400,        10Min,          Tx6,           7.6,     0,
06344, 20161105, 0400,        10Min,          W10,             0, 12832,
06344, 20161105, 0400,        10Min,       W10-10,             0, 12832,
06344, 20161105, 0400,        10Min,           dd,         265.7,     0,
06344, 20161105, 0400,        10Min,           dr,             0,     0,
06344, 20161105, 0400,        10Min,          dsd,           8.3,     0,
06344, 20161105, 0400,        10Min,           ff,           2.2,     0,
06344, 20161105, 0400,        10Min,          ffs,           2.2,     0,
06344, 20161105, 0400,        10Min,          fsd,           .35,     0,
06344, 20161105, 0400,        10Min,           fx,          3.23,     0,
06344, 20161105, 0400,        10Min,          fxs,          3.23,     0,
06344, 20161105, 0400,        10Min,          gff,          3.23,     0,
06344, 20161105, 0400,        10Min,         gffs,          3.23,     0,
06344, 20161105, 0400,        10Min,            h,      2774.921,     0,
06344, 20161105, 0400,        10Min,           h1,      2774.921,     0,
06344, 20161105, 0400,        10Min,           h2,      3274.921,     0,
06344, 20161105, 0400,        10Min,           h3,             0,     0,
06344, 20161105, 0400,        10Min,           hc,      2774.921,     0,
06344, 20161105, 0400,        10Min,          hc1,      2774.921,     0,
06344, 20161105, 0400,        10Min,          hc2,      3274.921,     0,
06344, 20161105, 0400,        10Min,          hc3,             0,     0,
06344, 20161105, 0400,        10Min,           hm,              , 22064,
06344, 20161105, 0400,        10Min,          hm1,              , 22064,
06344, 20161105, 0400,        10Min,          hm2,              , 22064,
06344, 20161105, 0400,        10Min,          hm3,              , 22064,
06344, 20161105, 0400,        10Min,            n,             8,     0,
06344, 20161105, 0400,        10Min,           n1,             3,     0,
06344, 20161105, 0400,        10Min,           n2,             8,     0,
06344, 20161105, 0400,        10Min,           n3,             0,     0,
06344, 20161105, 0400,        10Min,           nc,             8,     0,
06344, 20161105, 0400,        10Min,          nc1,             3,     0,
06344, 20161105, 0400,        10Min,          nc2,             8,     0,
06344, 20161105, 0400,        10Min,          nc3,             0,     0,
06344, 20161105, 0400,        10Min,          nhc,             8,     0,
06344, 20161105, 0400,        10Min,           nm,              , 22064,
06344, 20161105, 0400,        10Min,          nm1,              , 22064,
06344, 20161105, 0400,        10Min,          nm2,              , 22064,
06344, 20161105, 0400,        10Min,          nm3,              , 22064,
06344, 20161105, 0400,        10Min,           p0,      1001.776,     0,
06344, 20161105, 0400,        10Min,           pg,             0,     0,
06344, 20161105, 0400,        10Min,           pp,       1001.15,     0,
06344, 20161105, 0400,        10Min,           pr,             0,     0,
06344, 20161105, 0400,        10Min,           ps,        1001.7,     0,
06344, 20161105, 0400,        10Min,          pwc,             0,     0,
06344, 20161105, 0400,        10Min,           qg,             1,     0,
06344, 20161105, 0400,        10Min,          qgn,             1,     0,
06344, 20161105, 0400,        10Min,          qgx,             1,     0,
06344, 20161105, 0400,        10Min,          qnh,      1001.158,     0,
06344, 20161105, 0400,        10Min,           rg,             0,     0,
06344, 20161105, 0400,        10Min,           rh,            97,     0,
06344, 20161105, 0400,        10Min,          rhb,             1,     0,
06344, 20161105, 0400,        10Min,           sq,             0,     0,
06344, 20161105, 0400,        10Min,           ss,             0,     0,
06344, 20161105, 0400,        10Min,           ta,           7.2,     0,
06344, 20161105, 0400,        10Min,           tb,      6.972154,     0,
06344, 20161105, 0400,        10Min,           td,           6.9,     0,
06344, 20161105, 0400,        10Min,          tgn,           6.8,     0,
06344, 20161105, 0400,        10Min,           tn,           7.1,     0,
06344, 20161105, 0400,        10Min,           tx,           7.2,     0,
06344, 20161105, 0400,        10Min,           vv,      3083.636,     0,
06344, 20161105, 0400,        10Min,           ww,            23, 12832,
06344, 20161105, 0400,        10Min,        ww-10,            23, 12832,
06344, 20161105, 0400,        10Min,           za,             4,     0,
06344, 20161105, 0400,        10Min,           zm,          3030,     0,
06350, 20161105, 0400,        10Min,          D1H,             0,     0,
06350, 20161105, 0400,        10Min,          Q1H,           .36,     0,
06350, 20161105, 0400,        10Min,         R12H,       1.01965,     0,
06350, 20161105, 0400,        10Min,          R1H,             0,     0,
06350, 20161105, 0400,        10Min,         R24H,       1.01965,     0,
06350, 20161105, 0400,        10Min,          R6H,       .329834,     0,
06350, 20161105, 0400,        10Min,        Sav1H,        3.0495,     0,
06350, 20161105, 0400,        10Min,        Sax1H,           3.4,     0,
06350, 20161105, 0400,        10Min,        Sax3H,          4.08,     0,
06350, 20161105, 0400,        10Min,        Sax6H,          4.47,     0,
06350, 20161105, 0400,        10Min,         Sx1H,          4.97,     0,
06350, 20161105, 0400,        10Min,         Sx3H,           6.7,     0,
06350, 20161105, 0400,        10Min,         Sx6H,          7.19,     0,
06350, 20161105, 0400,        10Min,        Tgn12,           5.7,     0,
06350, 20161105, 0400,        10Min,        Tgn14,           5.7,     0,
06350, 20161105, 0400,        10Min,         Tgn6,             6,     0,
06350, 20161105, 0400,        10Min,         Tn12,           6.1,     0,
06350, 20161105, 0400,        10Min,         Tn14,           6.1,     0,
06350, 20161105, 0400,        10Min,          Tn6,           6.1,     0,
06350, 20161105, 0400,        10Min,         Tx12,           8.6,     0,
06350, 20161105, 0400,        10Min,         Tx24,          10.2,     0,
06350, 20161105, 0400,        10Min,          Tx6,           6.9,     0,
06350, 20161105, 0400,        10Min,          W10,             1, 12832,
06350, 20161105, 0400,        10Min,       W10-10,             0, 12832,
06350, 20161105, 0400,        10Min,           dd,         216.2,     0,
06350, 20161105, 0400,        10Min,           dr,             0,     0,
06350, 20161105, 0400,        10Min,          dsd,          11.2,     0,
06350, 20161105, 0400,        10Min,           ff,          2.86,     0,
06350, 20161105, 0400,        10Min,          ffs,          2.86,     0,
06350, 20161105, 0400,        10Min,          fsd,           .57,     0,
06350, 20161105, 0400,        10Min,           fx,          4.84,     0,
06350, 20161105, 0400,        10Min,          fxs,          4.84,     0,
06350, 20161105, 0400,        10Min,          gff,          4.84,     0,
06350, 20161105, 0400,        10Min,         gffs,          4.84,     0,
06350, 20161105, 0400,        10Min,            h,      424.9213,     0,
06350, 20161105, 0400,        10Min,           h1,      424.9213,     0,
06350, 20161105, 0400,        10Min,           h2,      644.9213,     0,
06350, 20161105, 0400,        10Min,           h3,      784.9213,     0,
06350, 20161105, 0400,        10Min,           hc,      424.9213,     0,
06350, 20161105, 0400,        10Min,          hc1,      424.9213,     0,
06350, 20161105, 0400,        10Min,          hc2,      644.9213,     0,
06350, 20161105, 0400,        10Min,          hc3,      784.9213,     0,
06350, 20161105, 0400,        10Min,            n,             7,     0,
06350, 20161105, 0400,        10Min,           n1,             2,     0,
06350, 20161105, 0400,        10Min,           n2,             4,     0,
06350, 20161105, 0400,        10Min,           n3,             7,     0,
06350, 20161105, 0400,        10Min,           nc,             8,     0,
06350, 20161105, 0400,        10Min,          nc1,             2,     0,
06350, 20161105, 0400,        10Min,          nc2,             4,     0,
06350, 20161105, 0400,        10Min,          nc3,             7,     0,
06350, 20161105, 0400,        10Min,          nhc,             8,     0,
06350, 20161105, 0400,        10Min,           p0,      999.9853,     0,
06350, 20161105, 0400,        10Min,           pg,             0,     0,
06350, 20161105, 0400,        10Min,           pp,      1001.442,     0,
06350, 20161105, 0400,        10Min,           pr,             0,     0,
06350, 20161105, 0400,        10Min,           ps,         999.8,     0,
06350, 20161105, 0400,        10Min,          pwc,             0,     0,
06350, 20161105, 0400,        10Min,           qg,             1,     0,
06350, 20161105, 0400,        10Min,          qgn,             0,     0,
06350, 20161105, 0400,        10Min,          qgx,             1,     0,
06350, 20161105, 0400,        10Min,          qnh,      1001.421,     0,
06350, 20161105, 0400,        10Min,           rg,             0,     0,
06350, 20161105, 0400,        10Min,           rh,            96,     0,
06350, 20161105, 0400,        10Min,          rhb,             1,     0,
06350, 20161105, 0400,        10Min,           sq,             0,     0,
06350, 20161105, 0400,        10Min,           ss,             0,     0,
06350, 20161105, 0400,        10Min,           ta,           6.9,     0,
06350, 20161105, 0400,        10Min,           tb,      6.599302,     0,
06350, 20161105, 0400,        10Min,           td,           6.5,     0,
06350, 20161105, 0400,        10Min,          tgn,           6.7,     0,
06350, 20161105, 0400,        10Min,           tn,           6.9,     0,
06350, 20161105, 0400,        10Min,           tx,           6.9,     0,
06350, 20161105, 0400,        10Min,           vv,              , 22064,
06350, 20161105, 0400,        10Min,           ww,            10, 12832,
06350, 20161105, 0400,        10Min,        ww-10,            10, 12832,
06350, 20161105, 0400,        10Min,           za,              , 22048,
06350, 20161105, 0400,        10Min,           zm,          3360,     0,
06370, 20161105, 0400,        10Min,          D1H,           1.8,     0,
06370, 20161105, 0400,        10Min,          Q1H,             0,     0,
06370, 20161105, 0400,        10Min,         R12H,      1.160333,     0,
06370, 20161105, 0400,        10Min,          R1H,          .031,     0,
06370, 20161105, 0400,        10Min,         R24H,      1.160333,     0,
06370, 20161105, 0400,        10Min,          R6H,      .6730013,     0,
06370, 20161105, 0400,        10Min,        Sav1H,      4.813667,     0,
06370, 20161105, 0400,        10Min,        Sax1H,          5.38,     0,
06370, 20161105, 0400,        10Min,        Sax3H,          5.38,     0,
06370, 20161105, 0400,        10Min,        Sax6H,          5.38,     0,
06370, 20161105, 0400,        10Min,         Sx1H,          7.13,     0,
06370, 20161105, 0400,        10Min,         Sx3H,          7.13,     0,
06370, 20161105, 0400,        10Min,         Sx6H,          7.13,     0,
06370, 20161105, 0400,        10Min,        Tgn12,           5.5,     0,
06370, 20161105, 0400,        10Min,        Tgn14,           5.5,     0,
06370, 20161105, 0400,        10Min,         Tgn6,           5.5,     0,
06370, 20161105, 0400,        10Min,         Tn12,           6.1,     0,
06370, 20161105, 0400,        10Min,         Tn14,           6.1,     0,
06370, 20161105, 0400,        10Min,          Tn6,           6.1,     0,
06370, 20161105, 0400,        10Min,         Tx12,           8.7,     0,
06370, 20161105, 0400,        10Min,         Tx24,          10.5,     0,
06370, 20161105, 0400,        10Min,          Tx6,           6.8,     0,
06370, 20161105, 0400,        10Min,          W10,             0, 12832,
06370, 20161105, 0400,        10Min,       W10-10,             0, 12832,
06370, 20161105, 0400,        10Min,           dd,         222.4,     0,
06370, 20161105, 0400,        10Min,           dr,             0,     0,
06370, 20161105, 0400,        10Min,          dsd,             7,     0,
06370, 20161105, 0400,        10Min,           ff,          4.84,     0,
06370, 20161105, 0400,        10Min,          ffs,          4.84,     0,
06370, 20161105, 0400,        10Min,          fsd,           .68,     0,
06370, 20161105, 0400,        10Min,           fx,          7.13,     0,
06370, 20161105, 0400,        10Min,          fxs,          7.13,     0,
06370, 20161105, 0400,        10Min,          gff,          7.13,     0,
06370, 20161105, 0400,        10Min,         gffs,          7.13,     0,
06370, 20161105, 0400,        10Min,            h,      354.9213,     0,
06370, 20161105, 0400,        10Min,           h1,      354.9213,     0,
06370, 20161105, 0400,        10Min,           h2,      474.9213,     0,
06370, 20161105, 0400,        10Min,           h3,             0,     0,
06370, 20161105, 0400,        10Min,           hc,      354.9213,     0,
06370, 20161105, 0400,        10Min,          hc1,      354.9213,     0,
06370, 20161105, 0400,        10Min,          hc2,      474.9213,     0,
06370, 20161105, 0400,        10Min,          hc3,             0,     0,
06370, 20161105, 0400,        10Min,            n,             8,     0,
06370, 20161105, 0400,        10Min,           n1,             7,     0,
06370, 20161105, 0400,        10Min,           n2,             8,     0,
06370, 20161105, 0400,        10Min,           n3,             0,     0,
06370, 20161105, 0400,        10Min,           nc,             8,     0,
06370, 20161105, 0400,        10Min,          nc1,             7,     0,
06370, 20161105, 0400,        10Min,          nc2,             8,     0,
06370, 20161105, 0400,        10Min,          nc3,             0,     0,
06370, 20161105, 0400,        10Min,          nhc,             8,     0,
06370, 20161105, 0400,        10Min,           p0,      999.0997,     0,
06370, 20161105, 0400,        10Min,           pg,             0,     0,
06370, 20161105, 0400,        10Min,           pp,      1001.614,     0,
06370, 20161105, 0400,        10Min,           pr,             0,     0,
06370, 20161105, 0400,        10Min,           ps,           999,     0,
06370, 20161105, 0400,        10Min,          pwc,             0,     0,
06370, 20161105, 0400,        10Min,           qg,             0,     0,
06370, 20161105, 0400,        10Min,          qgn,             0,     0,
06370, 20161105, 0400,        10Min,          qgx,             0,     0,
06370, 20161105, 0400,        10Min,          qnh,      1001.585,     0,
06370, 20161105, 0400,        10Min,           rg,             0,     0,
06370, 20161105, 0400,        10Min,           rh,            98,     0,
06370, 20161105, 0400,        10Min,          rhb,             1,     0,
06370, 20161105, 0400,        10Min,           sq,             0,     0,
06370, 20161105, 0400,        10Min,           ss,             0,     0,
06370, 20161105, 0400,        10Min,           ta,           6.8,     0,
06370, 20161105, 0400,        10Min,           tb,      6.650577,     0,
06370, 20161105, 0400,        10Min,           td,           6.7,     0,
06370, 20161105, 0400,        10Min,          tgn,           6.2,     0,
06370, 20161105, 0400,        10Min,           tn,           6.8,     0,
06370, 20161105, 0400,        10Min,           tx,           6.8,     0,
06370, 20161105, 0400,        10Min,           vv,              , 22064,
06370, 20161105, 0400,        10Min,           ww,            21, 12832,
06370, 20161105, 0400,        10Min,        ww-10,            23, 12832,
06370, 20161105, 0400,        10Min,           za,              , 22064,
06370, 20161105, 0400,        10Min,           zm,          3220,     0,
06375, 20161105, 0400,        10Min,          D1H,             0,     0,
06375, 20161105, 0400,        10Min,          Q1H,           .36,     0,
06375, 20161105, 0400,        10Min,         R12H,      1.333833,     0,
06375, 20161105, 0400,        10Min,          R1H,          .035,     0,
06375, 20161105, 0400,        10Min,         R24H,      1.333833,     0,
06375, 20161105, 0400,        10Min,          R6H,      1.103836,     0,
06375, 20161105, 0400,        10Min,        Sav1H,      4.447667,     0,
06375, 20161105, 0400,        10Min,        Sax1H,          4.86,     0,
06375, 20161105, 0400,        10Min,        Sax3H,          4.86,     0,
06375, 20161105, 0400,        10Min,        Sax6H,          4.86,     0,
06375, 20161105, 0400,        10Min,         Sx1H,          6.51,     0,
06375, 20161105, 0400,        10Min,         Sx3H,          6.51,     0,
06375, 20161105, 0400,        10Min,         Sx6H,          6.51,     0,
06375, 20161105, 0400,        10Min,        Tgn12,           4.9,     0,
06375, 20161105, 0400,        10Min,        Tgn14,           4.9,     0,
06375, 20161105, 0400,        10Min,         Tgn6,           5.9,     0,
06375, 20161105, 0400,        10Min,         Tn12,           6.2,     0,
06375, 20161105, 0400,        10Min,         Tn14,           6.2,     0,
06375, 20161105, 0400,        10Min,          Tn6,           6.2,     0,
06375, 20161105, 0400,        10Min,         Tx12,           8.6,     0,
06375, 20161105, 0400,        10Min,         Tx24,            11,     0,
06375, 20161105, 0400,        10Min,          Tx6,           6.8,     0,
06375, 20161105, 0400,        10Min,          W10,             0, 12832,
06375, 20161105, 0400,        10Min,       W10-10,             0, 12832,
06375, 20161105, 0400,        10Min,           dd,         221.4,     0,
06375, 20161105, 0400,        10Min,           dr,             0,     0,
06375, 20161105, 0400,        10Min,          dsd,             7,     0,
06375, 20161105, 0400,        10Min,           ff,          4.86,     0,
06375, 20161105, 0400,        10Min,          ffs,          4.86,     0,
06375, 20161105, 0400,        10Min,          fsd,           .63,     0,
06375, 20161105, 0400,        10Min,           fx,          6.51,     0,
06375, 20161105, 0400,        10Min,          fxs,          6.51,     0,
06375, 20161105, 0400,        10Min,          gff,          6.51,     0,
06375, 20161105, 0400,        10Min,         gffs,          6.51,     0,
06375, 20161105, 0400,        10Min,            h,      374.9213,     0,
06375, 20161105, 0400,        10Min,           h1,      374.9213,     0,
06375, 20161105, 0400,        10Min,           h2,      504.9213,     0,
06375, 20161105, 0400,        10Min,           h3,             0,     0,
06375, 20161105, 0400,        10Min,           hc,      374.9213,     0,
06375, 20161105, 0400,        10Min,          hc1,      374.9213,     0,
06375, 20161105, 0400,        10Min,          hc2,      504.9213,     0,
06375, 20161105, 0400,        10Min,          hc3,             0,     0,
06375, 20161105, 0400,        10Min,            n,             8,     0,
06375, 20161105, 0400,        10Min,           n1,             4,     0,
06375, 20161105, 0400,        10Min,           n2,             8,     0,
06375, 20161105, 0400,        10Min,           n3,             0,     0,
06375, 20161105, 0400,        10Min,           nc,             8,     0,
06375, 20161105, 0400,        10Min,          nc1,             4,     0,
06375, 20161105, 0400,        10Min,          nc2,             8,     0,
06375, 20161105, 0400,        10Min,          nc3,             0,     0,
06375, 20161105, 0400,        10Min,          nhc,             8,     0,
06375, 20161105, 0400,        10Min,           p0,      998.9896,     0,
06375, 20161105, 0400,        10Min,           pg,             0,     0,
06375, 20161105, 0400,        10Min,           pp,      1001.403,     0,
06375, 20161105, 0400,        10Min,           pr,             0,     0,
06375, 20161105, 0400,        10Min,           ps,         998.8,     0,
06375, 20161105, 0400,        10Min,          pwc,             0,     0,
06375, 20161105, 0400,        10Min,           qg,             1,     0,
06375, 20161105, 0400,        10Min,          qgn,             0,     0,
06375, 20161105, 0400,        10Min,          qgx,             1,     0,
06375, 20161105, 0400,        10Min,          qnh,      1001.374,     0,
06375, 20161105, 0400,        10Min,           rg,          .042,  8192,
06375, 20161105, 0400,        10Min,           rh,            96,     0,
06375, 20161105, 0400,        10Min,          rhb,             1,     0,
06375, 20161105, 0400,        10Min,           sq,             0,     0,
06375, 20161105, 0400,        10Min,           ss,             0,     0,
06375, 20161105, 0400,        10Min,           ta,           6.7,     0,
06375, 20161105, 0400,        10Min,           tb,      6.401567,     0,
06375, 20161105, 0400,        10Min,           td,           6.1,     0,
06375, 20161105, 0400,        10Min,          tgn,           6.5,     0,
06375, 20161105, 0400,        10Min,           tn,           6.6,     0,
06375, 20161105, 0400,        10Min,           tx,           6.7,     0,
06375, 20161105, 0400,        10Min,           vv,              , 22064,
06375, 20161105, 0400,        10Min,           ww,            10, 12832,
06375, 20161105, 0400,        10Min,        ww-10,            21, 12832,
06375, 20161105, 0400,        10Min,           za,              , 22048,
06375, 20161105, 0400,        10Min,           zm,          3660,     0,
06380, 20161105, 0400,        10Min,          D1H,          26.2,     0,
06380, 20161105, 0400,        10Min,          Q1H,             0,     0,
06380, 20161105, 0400,        10Min,         R12H,      1.854833,     0,
06380, 20161105, 0400,        10Min,          R1H,          .114,     0,
06380, 20161105, 0400,        10Min,         R24H,      1.854833,     0,
06380, 20161105, 0400,        10Min,          R6H,      1.655003,     0,
06380, 20161105, 0400,        10Min,        Sav1H,         5.565,     0,
06380, 20161105, 0400,        10Min,        Sax1H,          6.22,     0,
06380, 20161105, 0400,        10Min,        Sax3H,          6.22,     0,
06380, 20161105, 0400,        10Min,        Sax6H,          6.22,     0,
06380, 20161105, 0400,        10Min,         Sx1H,          9.05,     0,
06380, 20161105, 0400,        10Min,         Sx3H,          9.05,     0,
06380, 20161105, 0400,        10Min,         Sx6H,          9.05,     0,
06380, 20161105, 0400,        10Min,        Tgn12,           6.1,     0,
06380, 20161105, 0400,        10Min,        Tgn14,           6.1,     0,
06380, 20161105, 0400,        10Min,         Tgn6,           6.1,     0,
06380, 20161105, 0400,        10Min,         Tn12,           6.3,     0,
06380, 20161105, 0400,        10Min,         Tn14,           6.3,     0,
06380, 20161105, 0400,        10Min,          Tn6,           6.3,     0,
06380, 20161105, 0400,        10Min,         Tx12,             9,     0,
06380, 20161105, 0400,        10Min,         Tx24,          10.3,     0,
06380, 20161105, 0400,        10Min,          Tx6,           7.1,     0,
06380, 20161105, 0400,        10Min,          W10,             0, 12832,
06380, 20161105, 0400,        10Min,       W10-10,             5, 12832,
06380, 20161105, 0400,        10Min,           dd,           213,     0,
06380, 20161105, 0400,        10Min,           dr,           120,     0,
06380, 20161105, 0400,        10Min,          dsd,           8.4,     0,
06380, 20161105, 0400,        10Min,           ff,          5.83,     0,
06380, 20161105, 0400,        10Min,          ffs,          5.83,     0,
06380, 20161105, 0400,        10Min,          fsd,           .86,     0,
06380, 20161105, 0400,        10Min,           fx,          8.49,     0,
06380, 20161105, 0400,        10Min,          fxs,          8.49,     0,
06380, 20161105, 0400,        10Min,          gff,          8.12,     0,
06380, 20161105, 0400,        10Min,         gffs,          8.12,     0,
06380, 20161105, 0400,        10Min,            h,      1054.921,     0,
06380, 20161105, 0400,        10Min,           h1,      1054.921,     0,
06380, 20161105, 0400,        10Min,           h2,             0,     0,
06380, 20161105, 0400,        10Min,           h3,             0,     0,
06380, 20161105, 0400,        10Min,           hc,      1054.921,     0,
06380, 20161105, 0400,        10Min,          hc1,      1054.921,     0,
06380, 20161105, 0400,        10Min,          hc2,             0,     0,
06380, 20161105, 0400,        10Min,          hc3,             0,     0,
06380, 20161105, 0400,        10Min,            n,             8,     0,
06380, 20161105, 0400,        10Min,           n1,             8,     0,
06380, 20161105, 0400,        10Min,           n2,             0,     0,
06380, 20161105, 0400,        10Min,           n3,             0,     0,
06380, 20161105, 0400,        10Min,           nc,             8,     0,
06380, 20161105, 0400,        10Min,          nc1,             8,     0,
06380, 20161105, 0400,        10Min,          nc2,             0,     0,
06380, 20161105, 0400,        10Min,          nc3,             0,     0,
06380, 20161105, 0400,        10Min,          nhc,             8,     0,
06380, 20161105, 0400,        10Min,           p0,      988.9818,     0,
06380, 20161105, 0400,        10Min,           pg,         .0042,     0,
06380, 20161105, 0400,        10Min,           pp,      1002.538,     0,
06380, 20161105, 0400,        10Min,           pr,             0,     0,
06380, 20161105, 0400,        10Min,           ps,         988.8,     0,
06380, 20161105, 0400,        10Min,          pwc,             0,     0,
06380, 20161105, 0400,        10Min,           qg,             0,     0,
06380, 20161105, 0400,        10Min,          qgn,             0,     0,
06380, 20161105, 0400,        10Min,          qgx,             0,     0,
06380, 20161105, 0400,        10Min,          qnh,      1002.524,     0,
06380, 20161105, 0400,        10Min,           rg,          .018,     0,
06380, 20161105, 0400,        10Min,           rh,            91,     0,
06380, 20161105, 0400,        10Min,          rhb,             1,     0,
06380, 20161105, 0400,        10Min,           sq,             0,     0,
06380, 20161105, 0400,        10Min,           ss,             0,     0,
06380, 20161105, 0400,        10Min,           ta,           6.9,     0,
06380, 20161105, 0400,        10Min,           tb,      6.219846,     0,
06380, 20161105, 0400,        10Min,           td,           5.6,     0,
06380, 20161105, 0400,        10Min,          tgn,           6.7,     0,
06380, 20161105, 0400,        10Min,           tn,           6.8,     0,
06380, 20161105, 0400,        10Min,           tx,           6.9,     0,
06380, 20161105, 0400,        10Min,           vv,         10700,     0,
06380, 20161105, 0400,        10Min,           ww,            23, 12832,
06380, 20161105, 0400,        10Min,        ww-10,            52, 12832,
06380, 20161105, 0400,        10Min,           za,             4,     0,
06380, 20161105, 0400,        10Min,           zm,         10700,     0,
99101, 20161105, 0400,        10Min,           dd,         225.3,     0,
99101, 20161105, 0400,        10Min,          dsd,           7.8,     0,
99101, 20161105, 0400,        10Min,           ff,          1.89,     0,
99101, 20161105, 0400,        10Min,          ffs,          1.89,     0,
99101, 20161105, 0400,        10Min,          fsd,           .16,     0,
99101, 20161105, 0400,        10Min,           fx,          2.43,     0,
99101, 20161105, 0400,        10Min,          fxs,          2.43,     0,
99101, 20161105, 0400,        10Min,          gff,          2.22,     0,
99101, 20161105, 0400,        10Min,         gffs,          2.22,     0,
99101, 20161105, 0400,        10Min,           hc,      974.9213,     0,
99101, 20161105, 0400,        10Min,          hc1,      974.9213,     0,
99101, 20161105, 0400,        10Min,          hc2,      2524.921,     0,
99101, 20161105, 0400,        10Min,          hc3,      3824.921,     0,
99101, 20161105, 0400,        10Min,           nc,             8,     0,
99101, 20161105, 0400,        10Min,          nc1,             1,     0,
99101, 20161105, 0400,        10Min,          nc2,             3,     0,
99101, 20161105, 0400,        10Min,          nc3,             6,     0,
99101, 20161105, 0400,        10Min,           vv,          3930,     0,
99102, 20161105, 0400,        10Min,           dd,         209.2,     0,
99102, 20161105, 0400,        10Min,          dsd,           6.7,     0,
99102, 20161105, 0400,        10Min,           ff,          3.73,     0,
99102, 20161105, 0400,        10Min,          ffs,          3.73,     0,
99102, 20161105, 0400,        10Min,          fsd,            .3,     0,
99102, 20161105, 0400,        10Min,           fx,          4.66,     0,
99102, 20161105, 0400,        10Min,          fxs,          4.66,     0,
99102, 20161105, 0400,        10Min,          gff,          4.62,     0,
99102, 20161105, 0400,        10Min,         gffs,          4.62,     0,
99102, 20161105, 0400,        10Min,           hc,      324.9213,     0,
99102, 20161105, 0400,        10Min,          hc1,      324.9213,     0,
99102, 20161105, 0400,        10Min,          hc2,      454.9213,     0,
99102, 20161105, 0400,        10Min,          hc3,      1004.921,     0,
99102, 20161105, 0400,        10Min,           nc,             8,     0,
99102, 20161105, 0400,        10Min,          nc1,             5,     0,
99102, 20161105, 0400,        10Min,          nc2,             7,     0,
99102, 20161105, 0400,        10Min,          nc3,             8,     0,
99102, 20161105, 0400,        10Min,           vv,      2550.579,     0,
99103, 20161105, 0400,        10Min,           dd,         202.6,     0,
99103, 20161105, 0400,        10Min,          dsd,             6,     0,
99103, 20161105, 0400,        10Min,           ff,          1.75,     0,
99103, 20161105, 0400,        10Min,          ffs,          1.75,     0,
99103, 20161105, 0400,        10Min,          fsd,           .18,     0,
99103, 20161105, 0400,        10Min,           fx,          2.43,     0,
99103, 20161105, 0400,        10Min,          fxs,          2.43,     0,
99103, 20161105, 0400,        10Min,          gff,          2.26,     0,
99103, 20161105, 0400,        10Min,         gffs,          2.26,     0,
99103, 20161105, 0400,        10Min,           hc,      3724.921,     0,
99103, 20161105, 0400,        10Min,          hc1,      3724.921,     0,
99103, 20161105, 0400,        10Min,          hc2,      4624.921,     0,
99103, 20161105, 0400,        10Min,          hc3,             0,     0,
99103, 20161105, 0400,        10Min,           nc,             8,     0,
99103, 20161105, 0400,        10Min,          nc1,             6,     0,
99103, 20161105, 0400,        10Min,          nc2,             8,     0,
99103, 20161105, 0400,        10Min,          nc3,             0,     0,
99103, 20161105, 0400,        10Min,           vv,      2477.169,     0,
99104, 20161105, 0400,        10Min,           dd,         213.1,     0,
99104, 20161105, 0400,        10Min,          dsd,          12.4,     0,
99104, 20161105, 0400,        10Min,           ff,          1.25,     0,
99104, 20161105, 0400,        10Min,          ffs,          1.25,     0,
99104, 20161105, 0400,        10Min,          fsd,           .18,     0,
99104, 20161105, 0400,        10Min,           fx,          2.26,     0,
99104, 20161105, 0400,        10Min,          fxs,          2.26,     0,
99104, 20161105, 0400,        10Min,          gff,          1.87,     0,
99104, 20161105, 0400,        10Min,         gffs,          1.87,     0,
99104, 20161105, 0400,        10Min,           hc,      374.9213,     0,
99104, 20161105, 0400,        10Min,          hc1,      374.9213,     0,
99104, 20161105, 0400,        10Min,          hc2,             0,     0,
99104, 20161105, 0400,        10Min,          hc3,             0,     0,
99104, 20161105, 0400,        10Min,           nc,             8,     0,
99104, 20161105, 0400,        10Min,          nc1,             8,     0,
99104, 20161105, 0400,        10Min,          nc2,             0,     0,
99104, 20161105, 0400,        10Min,          nc3,             0,     0,
99104, 20161105, 0400,        10Min,           vv,      2256.053,     0,
06252, 20161105, 0350,        10Min,        Sav1H,       5.43873,     0,
06252, 20161105, 0350,        10Min,        Sax1H,      7.481808,     0,
06252, 20161105, 0350,        10Min,        Sax3H,      7.481808,     0,
06252, 20161105, 0350,        10Min,        Sax6H,      7.481808,     0,
06252, 20161105, 0350,        10Min,         Sx1H,      9.124212,     0,
06252, 20161105, 0350,        10Min,         Sx3H,      9.124212,     0,
06252, 20161105, 0350,        10Min,         Sx6H,      9.124212,     0,
06252, 20161105, 0350,        10Min,         Tn12,             8,     0,
06252, 20161105, 0350,        10Min,         Tn14,             8,     0,
06252, 20161105, 0350,        10Min,          Tn6,             8,     0,
06252, 20161105, 0350,        10Min,         Tx12,          11.1,     0,
06252, 20161105, 0350,        10Min,          Tx6,          10.4,     0,
06252, 20161105, 0350,        10Min,           dd,         300.1, 13840,
06252, 20161105, 0350,        10Min,          dsd,           2.7, 13840,
06252, 20161105, 0350,        10Min,           ff,      7.319336,     0,
06252, 20161105, 0350,        10Min,          ffs,          9.01, 13840,
06252, 20161105, 0350,        10Min,          gff,      8.515931,     0,
06252, 20161105, 0350,        10Min,         gffs,         10.08, 13840,
06252, 20161105, 0350,        10Min,         h10z,           -24, 13840,
06252, 20161105, 0350,        10Min,         h1d3,            81, 13840,
06252, 20161105, 0350,        10Min,           p0,      995.9278,     0,
06252, 20161105, 0350,        10Min,           pp,      1000.448,     0,
06252, 20161105, 0350,        10Min,           ps,         996.7, 13840,
06252, 20161105, 0350,        10Min,          qnh,      1000.453,     0,
06252, 20161105, 0350,        10Min,         rh10,            66, 13840,
06252, 20161105, 0350,        10Min,          t10,           9.9, 13840,
06252, 20161105, 0350,        10Min,         td10,             4, 13840,
06252, 20161105, 0350,        10Min,        th1d3,           4.8, 13840,
06252, 20161105, 0350,        10Min,           tn,           9.8, 13840,
06252, 20161105, 0350,        10Min,         tw10,              , 22032,
06252, 20161105, 0350,        10Min,           tx,          10.1, 13840,
06252, 20161105, 0350,        10Min,           zm,              , 22064,
06320, 20161105, 0350,        10Min,        Sav1H,       4.90568,     0,
06320, 20161105, 0350,        10Min,        Sax1H,      5.572133,     0,
06320, 20161105, 0350,        10Min,        Sax3H,      6.215406,     0,
06320, 20161105, 0350,        10Min,        Sax6H,      8.319081,     0,
06320, 20161105, 0350,        10Min,         Sx1H,      7.368956,     0,
06320, 20161105, 0350,        10Min,         Sx3H,      7.753035,     0,
06320, 20161105, 0350,        10Min,         Sx6H,      10.02178,     0,
06320, 20161105, 0350,        10Min,         Tn12,           8.4,     0,
06320, 20161105, 0350,        10Min,         Tn14,           8.4,     0,
06320, 20161105, 0350,        10Min,          Tn6,           8.4,     0,
06320, 20161105, 0350,        10Min,         Tx12,          10.2,     0,
06320, 20161105, 0350,        10Min,          Tx6,           9.6,     0,
06320, 20161105, 0350,        10Min,           dd,         302.6, 13840,
06320, 20161105, 0350,        10Min,          dsd,           6.1, 13840,
06320, 20161105, 0350,        10Min,           ff,      3.746629,     0,
06320, 20161105, 0350,        10Min,          ffs,          4.31, 13840,
06320, 20161105, 0350,        10Min,          gff,      4.930501,     0,
06320, 20161105, 0350,        10Min,         gffs,          5.52, 13840,
06320, 20161105, 0350,        10Min,          h10,           124, 13840,
06320, 20161105, 0350,        10Min,         h1d3,            66, 13840,
06320, 20161105, 0350,        10Min,           p0,      998.5598,     0,
06320, 20161105, 0350,        10Min,           pp,      1001.213,     0,
06320, 20161105, 0350,        10Min,           ps,         998.9,     0,
06320, 20161105, 0350,        10Min,          qnh,      1001.203,     0,
06320, 20161105, 0350,        10Min,         rh10,            76, 13842,
06320, 20161105, 0350,        10Min,          t10,           9.5, 13842,
06320, 20161105, 0350,        10Min,         td10,           5.6, 13842,
06320, 20161105, 0350,        10Min,        th1d3,           3.9, 13840,
06320, 20161105, 0350,        10Min,           tn,           9.4, 13842,
06320, 20161105, 0350,        10Min,         tw10,          14.4, 13840,
06320, 20161105, 0350,        10Min,           tx,           9.6, 13842,
06320, 20161105, 0350,        10Min,           zm,         49900, 13840,
06321, 20161105, 0350,        10Min,        Sav1H,      4.782232,     0,
06321, 20161105, 0350,        10Min,        Sax1H,      6.130762,     0,
06321, 20161105, 0350,        10Min,        Sax3H,      6.130762,     0,
06321, 20161105, 0350,        10Min,        Sax6H,      6.130762,     0,
06321, 20161105, 0350,        10Min,         Sx1H,      9.642968,     0,
06321, 20161105, 0350,        10Min,         Sx3H,      9.642968,     0,
06321, 20161105, 0350,        10Min,         Sx6H,      9.642968,     0,
06321, 20161105, 0350,        10Min,         Tn12,           8.6,     0,
06321, 20161105, 0350,        10Min,         Tn14,           8.6,     0,
06321, 20161105, 0350,        10Min,          Tn6,           8.6,     0,
06321, 20161105, 0350,        10Min,         Tx12,          11.5,     0,
06321, 20161105, 0350,        10Min,          Tx6,            10,     0,
06321, 20161105, 0350,        10Min,           dd,         300.6,     0,
06321, 20161105, 0350,        10Min,          dsd,          21.2,     0,
06321, 20161105, 0350,        10Min,           ff,      4.794114,     0,
06321, 20161105, 0350,        10Min,          ffs,          5.38,     0,
06321, 20161105, 0350,        10Min,          gff,      9.642968,     0,
06321, 20161105, 0350,        10Min,         gffs,         10.58,     0,
06321, 20161105, 0350,        10Min,          h10,           110,     0,
06321, 20161105, 0350,        10Min,         h1d3,            66, 13840,
06321, 20161105, 0350,        10Min,           p0,      999.1373,     0,
06321, 20161105, 0350,        10Min,           pp,      1001.426,     0,
06321, 20161105, 0350,        10Min,           ps,         999.3,     0,
06321, 20161105, 0350,        10Min,          qnh,       1001.42,     0,
06321, 20161105, 0350,        10Min,         rh10,            81,     0,
06321, 20161105, 0350,        10Min,          t10,           9.3,     0,
06321, 20161105, 0350,        10Min,         td10,           6.2,     0,
06321, 20161105, 0350,        10Min,        th1d3,           4.2, 13840,
06321, 20161105, 0350,        10Min,           tn,           9.1,     0,
06321, 20161105, 0350,        10Min,         tw10,          14.1,     0,
06321, 20161105, 0350,        10Min,           tx,           9.5,     0,
06321, 20161105, 0350,        10Min,           zm,         23900,     0,
06285, 20161105, 0330,        10Min,        Sav1H,      7.488874, 12288,
06285, 20161105, 0330,        10Min,        Sax1H,              , 22064,
06285, 20161105, 0330,        10Min,        Sax3H,              , 22064,
06285, 20161105, 0330,        10Min,        Sax6H,        8.3673,     0,
06285, 20161105, 0330,        10Min,         Sx1H,              , 22064,
06285, 20161105, 0330,        10Min,         Sx3H,              , 22064,
06285, 20161105, 0330,        10Min,         Sx6H,      10.17587,     0,
06285, 20161105, 0330,        10Min,           dd,           198,     1,
06285, 20161105, 0330,        10Min,           ff,      7.336614,     0,
06285, 20161105, 0330,        10Min,          ffs,          7.83,     1,
06285, 20161105, 0330,        10Min,          gff,      8.922873,     0,
06285, 20161105, 0330,        10Min,         gffs,           9.4,     1,
06209, 20161105, 0330,        10Min,        Sav1H,      3.832107,     0,
06209, 20161105, 0330,        10Min,        Sax1H,      4.596637,     0,
06209, 20161105, 0330,        10Min,        Sax3H,      7.112492,     0,
06209, 20161105, 0330,        10Min,        Sax6H,      7.736727,     0,
06209, 20161105, 0330,        10Min,         Sx1H,      5.815084,     0,
06209, 20161105, 0330,        10Min,         Sx3H,      9.860775,     0,
06209, 20161105, 0330,        10Min,         Sx6H,      11.53452,     0,
06209, 20161105, 0330,        10Min,           dd,         260.1,     1,
06209, 20161105, 0330,        10Min,          dsd,           6.7,     1,
06209, 20161105, 0330,        10Min,           ff,      4.246687,     0,
06209, 20161105, 0330,        10Min,          ffs,          4.49,     1,
06209, 20161105, 0330,        10Min,          gff,      5.719441,     0,
06209, 20161105, 0330,        10Min,         gffs,          5.98,     1,
06308, 20161105, 0330,        10Min,        Sav1H,      5.436608,     0,
06308, 20161105, 0330,        10Min,        Sax1H,      6.175107,     0,
06308, 20161105, 0330,        10Min,        Sax3H,        6.6842,     0,
06308, 20161105, 0330,        10Min,        Sax6H,        6.6842,     0,
06308, 20161105, 0330,        10Min,         Sx1H,      10.13095,     0,
06308, 20161105, 0330,        10Min,         Sx3H,      10.13095,     0,
06308, 20161105, 0330,        10Min,         Sx6H,      10.13095,     0,
06308, 20161105, 0330,        10Min,           dd,         280.8,     1,
06308, 20161105, 0330,        10Min,           ff,      4.704395,     0,
06308, 20161105, 0330,        10Min,          ffs,          4.99,     1,
06308, 20161105, 0330,        10Min,          gff,      5.838176,     0,
06308, 20161105, 0330,        10Min,         gffs,          6.12,     1,
06312, 20161105, 0330,        10Min,        Sav1H,      5.091611,     0,
06312, 20161105, 0330,        10Min,        Sax1H,      6.412592,     0,
06312, 20161105, 0330,        10Min,        Sax3H,      7.017911,     0,
06312, 20161105, 0330,        10Min,        Sax6H,      8.559581,     0,
06312, 20161105, 0330,        10Min,         Sx1H,      8.282668,     0,
06312, 20161105, 0330,        10Min,         Sx3H,      10.25291,     0,
06312, 20161105, 0330,        10Min,         Sx6H,      10.34855,     0,
06312, 20161105, 0330,        10Min,           dd,           306,     1,
06312, 20161105, 0330,        10Min,           ff,      6.412592,     0,
06312, 20161105, 0330,        10Min,          ffs,          6.78,     1,
06312, 20161105, 0330,        10Min,          gff,      8.043561,     0,
06312, 20161105, 0330,        10Min,         gffs,          8.41,     1,
06313, 20161105, 0330,        10Min,        Sav1H,      6.879192,     0,
06313, 20161105, 0330,        10Min,        Sax1H,      8.909531,     0,
06313, 20161105, 0330,        10Min,        Sax3H,      8.909531,     0,
06313, 20161105, 0330,        10Min,        Sax6H,      9.590514,     0,
06313, 20161105, 0330,        10Min,         Sx1H,      10.73112,     0,
06313, 20161105, 0330,        10Min,         Sx3H,      10.73112,     0,
06313, 20161105, 0330,        10Min,         Sx6H,      11.53452,     0,
06313, 20161105, 0330,        10Min,           dd,         306.3,     1,
06313, 20161105, 0330,        10Min,           ff,      8.909531,     0,
06313, 20161105, 0330,        10Min,          ffs,          9.42,     1,
06313, 20161105, 0330,        10Min,          gff,      10.73112,     0,
06313, 20161105, 0330,        10Min,         gffs,         11.22,     1,
06315, 20161105, 0330,        10Min,        Sav1H,      5.143418,     0,
06315, 20161105, 0330,        10Min,        Sax1H,      6.234733,     0,
06315, 20161105, 0330,        10Min,        Sax3H,      7.762575,     0,
06315, 20161105, 0330,        10Min,        Sax6H,      7.762575,     0,
06315, 20161105, 0330,        10Min,         Sx1H,      8.678912,     0,
06315, 20161105, 0330,        10Min,         Sx3H,      10.26126,     0,
06315, 20161105, 0330,        10Min,         Sx6H,      10.26126,     0,
06315, 20161105, 0330,        10Min,           dd,         289.8,     1,
06315, 20161105, 0330,        10Min,           ff,      4.536077,     0,
06315, 20161105, 0330,        10Min,          ffs,          4.78,     1,
06315, 20161105, 0330,        10Min,          gff,      5.792335,     0,
06315, 20161105, 0330,        10Min,         gffs,          6.04,     1,
06316, 20161105, 0330,        10Min,        Sav1H,       6.02481,     0,
06316, 20161105, 0330,        10Min,        Sax1H,      7.774559,     0,
06316, 20161105, 0330,        10Min,        Sax3H,      7.774559,     0,
06316, 20161105, 0330,        10Min,        Sax6H,      7.774559,     0,
06316, 20161105, 0330,        10Min,         Sx1H,      9.841646,     0,
06316, 20161105, 0330,        10Min,         Sx3H,      9.841646,     0,
06316, 20161105, 0330,        10Min,         Sx6H,      9.841646,     0,
06316, 20161105, 0330,        10Min,           dd,         311.6,     1,
06316, 20161105, 0330,        10Min,           ff,      6.005894,     0,
06316, 20161105, 0330,        10Min,          ffs,          6.35,     1,
06316, 20161105, 0330,        10Min,          gff,      7.708812,     0,
06316, 20161105, 0330,        10Min,         gffs,          8.06,     1,
06324, 20161105, 0330,        10Min,        Sav1H,      3.685506,     0,
06324, 20161105, 0330,        10Min,        Sax1H,      4.369642,     0,
06324, 20161105, 0330,        10Min,        Sax3H,      5.618112,     0,
06324, 20161105, 0330,        10Min,        Sax6H,      6.469341,     0,
06324, 20161105, 0330,        10Min,         Sx1H,      5.681184,     0,
06324, 20161105, 0330,        10Min,         Sx3H,      7.947919,     0,
06324, 20161105, 0330,        10Min,         Sx6H,      9.066939,     0,
06324, 20161105, 0330,        10Min,           dd,         301.9,     1,
06324, 20161105, 0330,        10Min,           ff,      3.092799,     0,
06324, 20161105, 0330,        10Min,          ffs,          3.27,     1,
06324, 20161105, 0330,        10Min,          gff,      3.787456,     0,
06324, 20161105, 0330,        10Min,         gffs,          3.96,     1,
06331, 20161105, 0330,        10Min,        Sav1H,      5.244517,     0,
06331, 20161105, 0330,        10Min,        Sax1H,       6.37476,     0,
06331, 20161105, 0330,        10Min,        Sax3H,      7.150324,     0,
06331, 20161105, 0330,        10Min,        Sax6H,      7.150324,     0,
06331, 20161105, 0330,        10Min,         Sx1H,      7.412319,     0,
06331, 20161105, 0330,        10Min,         Sx3H,       8.71306,     0,
06331, 20161105, 0330,        10Min,         Sx6H,       8.71306,     0,
06331, 20161105, 0330,        10Min,           dd,         273.4,     1,
06331, 20161105, 0330,        10Min,           ff,      5.012794,     0,
06331, 20161105, 0330,        10Min,          ffs,           5.3,     1,
06331, 20161105, 0330,        10Min,          gff,      6.628047,     0,
06331, 20161105, 0330,        10Min,         gffs,          6.93,     1,
