06283, 20161113, 0620,        10Min,          D1H,             0,     0,
06283, 20161113, 0620,        10Min,          Q1H,             0,     0,
06283, 20161113, 0620,        10Min,         R12H,             0,     0,
06283, 20161113, 0620,        10Min,          R1H,             0,     0,
06283, 20161113, 0620,        10Min,         R24H,             0,     0,
06283, 20161113, 0620,        10Min,          R6H,             0,     0,
06283, 20161113, 0620,        10Min,        Sav1H,      2.662833,     0,
06283, 20161113, 0620,        10Min,        Sax1H,          3.73,     0,
06283, 20161113, 0620,        10Min,        Sax3H,          3.73,     0,
06283, 20161113, 0620,        10Min,        Sax6H,          3.73,     0,
06283, 20161113, 0620,        10Min,         Sx1H,          5.01,     0,
06283, 20161113, 0620,        10Min,         Sx3H,          5.01,     0,
06283, 20161113, 0620,        10Min,         Sx6H,          5.01,     0,
06283, 20161113, 0620,        10Min,        Tgn12,           -.2,     0,
06283, 20161113, 0620,        10Min,        Tgn14,           -.2,     0,
06283, 20161113, 0620,        10Min,         Tgn6,           -.2,     0,
06283, 20161113, 0620,        10Min,         Tn12,            .3,     0,
06283, 20161113, 0620,        10Min,         Tn14,            .3,     0,
06283, 20161113, 0620,        10Min,          Tn6,            .3,     0,
06283, 20161113, 0620,        10Min,         Tx12,           2.2,     0,
06283, 20161113, 0620,        10Min,         Tx24,           4.7,     0,
06283, 20161113, 0620,        10Min,          Tx6,           1.5,     0,
06283, 20161113, 0620,        10Min,           dd,         120.8,     0,
06283, 20161113, 0620,        10Min,           dn,          95.6,     0,
06283, 20161113, 0620,        10Min,           dr,             0,     0,
06283, 20161113, 0620,        10Min,          dsd,           7.6,     0,
06283, 20161113, 0620,        10Min,           dx,         146.3,     0,
06283, 20161113, 0620,        10Min,           ff,          2.43,     0,
06283, 20161113, 0620,        10Min,          ffs,          2.43,     0,
06283, 20161113, 0620,        10Min,          fsd,           .35,     0,
06283, 20161113, 0620,        10Min,           fx,          3.36,     0,
06283, 20161113, 0620,        10Min,          fxs,          3.36,     0,
06283, 20161113, 0620,        10Min,          gff,          3.32,     0,
06283, 20161113, 0620,        10Min,         gffs,          3.32,     0,
06283, 20161113, 0620,        10Min,           hm,              , 22064,
06283, 20161113, 0620,        10Min,          hm1,              , 22064,
06283, 20161113, 0620,        10Min,          hm2,              , 22064,
06283, 20161113, 0620,        10Min,          hm3,              , 22064,
06283, 20161113, 0620,        10Min,           nm,              , 22064,
06283, 20161113, 0620,        10Min,          nm1,              , 22064,
06283, 20161113, 0620,        10Min,          nm2,              , 22064,
06283, 20161113, 0620,        10Min,          nm3,              , 22064,
06283, 20161113, 0620,        10Min,           qg,             0,     0,
06283, 20161113, 0620,        10Min,          qgn,             0,     0,
06283, 20161113, 0620,        10Min,          qgx,             0,     0,
06283, 20161113, 0620,        10Min,           rg,             0,     0,
06283, 20161113, 0620,        10Min,           rh,            85,     0,
06283, 20161113, 0620,        10Min,          rhb,             1,     0,
06283, 20161113, 0620,        10Min,           sq,             0,     0,
06283, 20161113, 0620,        10Min,           ss,             0,     0,
06283, 20161113, 0620,        10Min,           ta,           1.2,     0,
06283, 20161113, 0620,        10Min,           tb,      .3074127,     0,
06283, 20161113, 0620,        10Min,           td,          -1.1,     0,
06283, 20161113, 0620,        10Min,          tgn,            .8,     0,
06283, 20161113, 0620,        10Min,           tn,           1.2,     0,
06283, 20161113, 0620,        10Min,          tsd,             0,     0,
06283, 20161113, 0620,        10Min,           tx,           1.2,     0,
06286, 20161113, 0620,        10Min,          D1H,             0,     0,
06286, 20161113, 0620,        10Min,          Q1H,             0,     0,
06286, 20161113, 0620,        10Min,         R12H,             0,     0,
06286, 20161113, 0620,        10Min,          R1H,             0,     0,
06286, 20161113, 0620,        10Min,         R24H,             0,     0,
06286, 20161113, 0620,        10Min,          R6H,             0,     0,
06286, 20161113, 0620,        10Min,        Sav1H,      3.974667,     0,
06286, 20161113, 0620,        10Min,        Sax1H,          4.24,     0,
06286, 20161113, 0620,        10Min,        Sax3H,          4.31,     0,
06286, 20161113, 0620,        10Min,        Sax6H,          4.72,     0,
06286, 20161113, 0620,        10Min,         Sx1H,          6.22,     0,
06286, 20161113, 0620,        10Min,         Sx3H,          6.22,     0,
06286, 20161113, 0620,        10Min,         Sx6H,          6.22,     0,
06286, 20161113, 0620,        10Min,        Tb1n6,           3.8,     0,
06286, 20161113, 0620,        10Min,        Tb1x6,           3.9,     0,
06286, 20161113, 0620,        10Min,        Tb2n6,           4.3,     0,
06286, 20161113, 0620,        10Min,        Tb2x6,           4.4,     0,
06286, 20161113, 0620,        10Min,        Tgn12,            .1,     0,
06286, 20161113, 0620,        10Min,        Tgn14,            .1,     0,
06286, 20161113, 0620,        10Min,         Tgn6,            .1,     0,
06286, 20161113, 0620,        10Min,         Tn12,            .5,     0,
06286, 20161113, 0620,        10Min,         Tn14,            .5,     0,
06286, 20161113, 0620,        10Min,          Tn6,            .5,     0,
06286, 20161113, 0620,        10Min,         Tx12,           1.3,     0,
06286, 20161113, 0620,        10Min,         Tx24,           3.3,     0,
06286, 20161113, 0620,        10Min,          Tx6,             1,     0,
06286, 20161113, 0620,        10Min,           dd,         138.6,     0,
06286, 20161113, 0620,        10Min,           dr,             0,     0,
06286, 20161113, 0620,        10Min,          dsd,             7,     0,
06286, 20161113, 0620,        10Min,           ff,           3.5,     0,
06286, 20161113, 0620,        10Min,          ffs,           3.5,     0,
06286, 20161113, 0620,        10Min,          fsd,           .41,     0,
06286, 20161113, 0620,        10Min,           fx,          5.38,     0,
06286, 20161113, 0620,        10Min,          fxs,          5.38,     0,
06286, 20161113, 0620,        10Min,          gff,          4.64,     0,
06286, 20161113, 0620,        10Min,         gffs,          4.64,     0,
06286, 20161113, 0620,        10Min,           hm,              , 22064,
06286, 20161113, 0620,        10Min,          hm1,              , 22064,
06286, 20161113, 0620,        10Min,          hm2,              , 22064,
06286, 20161113, 0620,        10Min,          hm3,              , 22064,
06286, 20161113, 0620,        10Min,           nm,              , 22064,
06286, 20161113, 0620,        10Min,          nm1,              , 22064,
06286, 20161113, 0620,        10Min,          nm2,              , 22064,
06286, 20161113, 0620,        10Min,          nm3,              , 22064,
06286, 20161113, 0620,        10Min,           qg,             0,     0,
06286, 20161113, 0620,        10Min,          qgn,             0,     0,
06286, 20161113, 0620,        10Min,          qgx,             0,     0,
06286, 20161113, 0620,        10Min,           rg,             0,     0,
06286, 20161113, 0620,        10Min,           rh,            82,     0,
06286, 20161113, 0620,        10Min,          rhb,             1,     0,
06286, 20161113, 0620,        10Min,           sq,             0,     0,
06286, 20161113, 0620,        10Min,           ss,             0,     0,
06286, 20161113, 0620,        10Min,           ta,            .6,     0,
06286, 20161113, 0620,        10Min,           tb,      -.444162,     0,
06286, 20161113, 0620,        10Min,          tb1,           3.8,     0,
06286, 20161113, 0620,        10Min,          tb2,           4.3,     0,
06286, 20161113, 0620,        10Min,          tb3,           5.1,     0,
06286, 20161113, 0620,        10Min,          tb4,           7.5,     0,
06286, 20161113, 0620,        10Min,          tb5,          10.7,     0,
06286, 20161113, 0620,        10Min,           td,            -2,     0,
06286, 20161113, 0620,        10Min,          tgn,            .5,     0,
06286, 20161113, 0620,        10Min,           tn,            .6,     0,
06286, 20161113, 0620,        10Min,           tx,            .7,     0,
06348, 20161113, 0620,        10Min,          D1H,              , 22064,
06348, 20161113, 0620,        10Min,          Q1H,             0,     0,
06348, 20161113, 0620,        10Min,         R12H,       3.66265,     0,
06348, 20161113, 0620,        10Min,          R1H,      .1738333,     0,
06348, 20161113, 0620,        10Min,         R24H,       3.66265,     0,
06348, 20161113, 0620,        10Min,          R6H,      2.151988,     0,
06348, 20161113, 0620,        10Min,        Sav1H,      3.454667,     0,
06348, 20161113, 0620,        10Min,        Sax1H,          3.89,     0,
06348, 20161113, 0620,        10Min,        Sax3H,          3.91,     0,
06348, 20161113, 0620,        10Min,        Sax6H,          4.04,     0,
06348, 20161113, 0620,        10Min,         Sx1H,          5.34,     0,
06348, 20161113, 0620,        10Min,         Sx3H,          5.73,     0,
06348, 20161113, 0620,        10Min,         Sx6H,          5.87,     0,
06348, 20161113, 0620,        10Min,        Tgn12,           3.3,     0,
06348, 20161113, 0620,        10Min,        Tgn14,           3.3,     0,
06348, 20161113, 0620,        10Min,         Tgn6,           3.3,     0,
06348, 20161113, 0620,        10Min,         Tn12,           3.4,     0,
06348, 20161113, 0620,        10Min,         Tn14,           3.4,     0,
06348, 20161113, 0620,        10Min,          Tn6,           3.4,     0,
06348, 20161113, 0620,        10Min,         Tx12,           4.5,     0,
06348, 20161113, 0620,        10Min,         Tx24,           5.3,     0,
06348, 20161113, 0620,        10Min,          Tx6,           3.7,     0,
06348, 20161113, 0620,        10Min,          W10,             0, 12832,
06348, 20161113, 0620,        10Min,       W10-10,             5,     0,
06348, 20161113, 0620,        10Min,           dd,         127.5,     0,
06348, 20161113, 0620,        10Min,           dr,            72,     0,
06348, 20161113, 0620,        10Min,          dsd,           9.5,     0,
06348, 20161113, 0620,        10Min,           ff,          3.07,     0,
06348, 20161113, 0620,        10Min,          ffs,          3.07,     0,
06348, 20161113, 0620,        10Min,          fsd,           .51,     0,
06348, 20161113, 0620,        10Min,           fx,          4.84,     0,
06348, 20161113, 0620,        10Min,          fxs,          4.84,     0,
06348, 20161113, 0620,        10Min,          gff,          4.47,     0,
06348, 20161113, 0620,        10Min,         gffs,          4.47,     0,
06348, 20161113, 0620,        10Min,           hm,              , 22064,
06348, 20161113, 0620,        10Min,          hm1,              , 22064,
06348, 20161113, 0620,        10Min,          hm2,              , 22064,
06348, 20161113, 0620,        10Min,          hm3,              , 22064,
06348, 20161113, 0620,        10Min,           nm,              , 22064,
06348, 20161113, 0620,        10Min,          nm1,              , 22064,
06348, 20161113, 0620,        10Min,          nm2,              , 22064,
06348, 20161113, 0620,        10Min,          nm3,              , 22064,
06348, 20161113, 0620,        10Min,           p0,      1022.698,     0,
06348, 20161113, 0620,        10Min,           pg,             0,     0,
06348, 20161113, 0620,        10Min,           pp,      1022.608,     0,
06348, 20161113, 0620,        10Min,           pr,             0,     0,
06348, 20161113, 0620,        10Min,           ps,        1022.4,     0,
06348, 20161113, 0620,        10Min,          pwc,             0,     0,
06348, 20161113, 0620,        10Min,           qg,             0,     0,
06348, 20161113, 0620,        10Min,          qgn,             0,     0,
06348, 20161113, 0620,        10Min,          qgx,             0,     0,
06348, 20161113, 0620,        10Min,          qnh,      1022.613,     0,
06348, 20161113, 0620,        10Min,           rg,          .024,     0,
06348, 20161113, 0620,        10Min,           rh,            95,     0,
06348, 20161113, 0620,        10Min,          rhb,             1,     0,
06348, 20161113, 0620,        10Min,           sq,             0,     0,
06348, 20161113, 0620,        10Min,           ss,             0,     0,
06348, 20161113, 0620,        10Min,           ta,           3.4,     0,
06348, 20161113, 0620,        10Min,           tb,      3.076585,     0,
06348, 20161113, 0620,        10Min,           td,           2.8,     0,
06348, 20161113, 0620,        10Min,          tgn,           3.4,     0,
06348, 20161113, 0620,        10Min,           tn,           3.4,     0,
06348, 20161113, 0620,        10Min,          tsd,             0,     0,
06348, 20161113, 0620,        10Min,           tx,           3.4,     0,
06348, 20161113, 0620,        10Min,           ww,            23, 12832,
06348, 20161113, 0620,        10Min,        ww-10,            52,     0,
06348, 20161113, 0620,        10Min,           zm,          3210,     0,
06377, 20161113, 0620,        10Min,          D1H,              , 22064,
06377, 20161113, 0620,        10Min,          Q1H,             0,     0,
06377, 20161113, 0620,        10Min,         R12H,          .003,     0,
06377, 20161113, 0620,        10Min,          R1H,          .003,     0,
06377, 20161113, 0620,        10Min,         R24H,          .003,     0,
06377, 20161113, 0620,        10Min,          R6H,    .003000006,     0,
06377, 20161113, 0620,        10Min,        Sav1H,      2.213167,     0,
06377, 20161113, 0620,        10Min,        Sax1H,          3.03,     0,
06377, 20161113, 0620,        10Min,        Sax3H,          3.03,     0,
06377, 20161113, 0620,        10Min,        Sax6H,          3.11,     0,
06377, 20161113, 0620,        10Min,         Sx1H,          4.49,     0,
06377, 20161113, 0620,        10Min,         Sx3H,          4.49,     0,
06377, 20161113, 0620,        10Min,         Sx6H,          5.09,     0,
06377, 20161113, 0620,        10Min,        Tgn12,           2.9,     0,
06377, 20161113, 0620,        10Min,        Tgn14,           2.9,     0,
06377, 20161113, 0620,        10Min,         Tgn6,           3.1,     0,
06377, 20161113, 0620,        10Min,         Tn12,           3.4,     0,
06377, 20161113, 0620,        10Min,         Tn14,           3.4,     0,
06377, 20161113, 0620,        10Min,          Tn6,           3.4,     0,
06377, 20161113, 0620,        10Min,         Tx12,           4.4,     0,
06377, 20161113, 0620,        10Min,         Tx24,           5.7,     0,
06377, 20161113, 0620,        10Min,          Tx6,           3.7,     0,
06377, 20161113, 0620,        10Min,          W10,             0, 12832,
06377, 20161113, 0620,        10Min,       W10-10,             0,     0,
06377, 20161113, 0620,        10Min,           dd,         106.5,     0,
06377, 20161113, 0620,        10Min,           dr,             0,     0,
06377, 20161113, 0620,        10Min,          dsd,          12.8,     0,
06377, 20161113, 0620,        10Min,           ff,          1.52,     0,
06377, 20161113, 0620,        10Min,          ffs,          1.52,     0,
06377, 20161113, 0620,        10Min,          fsd,           .24,     0,
06377, 20161113, 0620,        10Min,           fx,          2.47,     0,
06377, 20161113, 0620,        10Min,          fxs,          2.47,     0,
06377, 20161113, 0620,        10Min,          gff,          2.33,     0,
06377, 20161113, 0620,        10Min,         gffs,          2.33,     0,
06377, 20161113, 0620,        10Min,            h,      2494.921,     0,
06377, 20161113, 0620,        10Min,           h1,      2494.921,     0,
06377, 20161113, 0620,        10Min,           h2,             0,     0,
06377, 20161113, 0620,        10Min,           h3,             0,     0,
06377, 20161113, 0620,        10Min,           hc,      2494.921,     0,
06377, 20161113, 0620,        10Min,          hc1,      2494.921,     0,
06377, 20161113, 0620,        10Min,          hc2,             0,     0,
06377, 20161113, 0620,        10Min,          hc3,             0,     0,
06377, 20161113, 0620,        10Min,           hm,              , 22064,
06377, 20161113, 0620,        10Min,          hm1,              , 22064,
06377, 20161113, 0620,        10Min,          hm2,              , 22064,
06377, 20161113, 0620,        10Min,          hm3,              , 22064,
06377, 20161113, 0620,        10Min,            n,             8,     0,
06377, 20161113, 0620,        10Min,           n1,             8,     0,
06377, 20161113, 0620,        10Min,           n2,             0,     0,
06377, 20161113, 0620,        10Min,           n3,             0,     0,
06377, 20161113, 0620,        10Min,           nc,             8,     0,
06377, 20161113, 0620,        10Min,          nc1,             8,     0,
06377, 20161113, 0620,        10Min,          nc2,             0,     0,
06377, 20161113, 0620,        10Min,          nc3,             0,     0,
06377, 20161113, 0620,        10Min,          nhc,             8,     0,
06377, 20161113, 0620,        10Min,           nm,              , 22064,
06377, 20161113, 0620,        10Min,          nm1,              , 22064,
06377, 20161113, 0620,        10Min,          nm2,              , 22064,
06377, 20161113, 0620,        10Min,          nm3,              , 22064,
06377, 20161113, 0620,        10Min,           pg,             0,     0,
06377, 20161113, 0620,        10Min,           pr,             0,     0,
06377, 20161113, 0620,        10Min,          pwc,             0,     0,
06377, 20161113, 0620,        10Min,           qg,             0,     0,
06377, 20161113, 0620,        10Min,          qgn,             0,     0,
06377, 20161113, 0620,        10Min,          qgx,             0,     0,
06377, 20161113, 0620,        10Min,           rg,             0,     0,
06377, 20161113, 0620,        10Min,           rh,            87,     0,
06377, 20161113, 0620,        10Min,          rhb,             1,     0,
06377, 20161113, 0620,        10Min,           sq,             0,     0,
06377, 20161113, 0620,        10Min,           ss,             0,     0,
06377, 20161113, 0620,        10Min,           ta,           3.4,     0,
06377, 20161113, 0620,        10Min,           tb,      2.548573,     0,
06377, 20161113, 0620,        10Min,           td,           1.4,     0,
06377, 20161113, 0620,        10Min,          tgn,           3.2,     0,
06377, 20161113, 0620,        10Min,           tn,           3.4,     0,
06377, 20161113, 0620,        10Min,           tx,           3.4,     0,
06377, 20161113, 0620,        10Min,           vv,          8490,     0,
06377, 20161113, 0620,        10Min,           ww,            23, 12832,
06377, 20161113, 0620,        10Min,        ww-10,            23,     0,
06377, 20161113, 0620,        10Min,           za,          8.22,     0,
06377, 20161113, 0620,        10Min,           zm,          8490,     0,
06235, 20161113, 0620,        10Min,          D1H,              , 22064,
06235, 20161113, 0620,        10Min,          Q1H,           .36,     0,
06235, 20161113, 0620,        10Min,         R12H,       3.02145,     0,
06235, 20161113, 0620,        10Min,          R1H,          .305,     0,
06235, 20161113, 0620,        10Min,         R24H,       3.03045,     0,
06235, 20161113, 0620,        10Min,          R6H,      .7618015,     0,
06235, 20161113, 0620,        10Min,        Sav1H,         4.335,     0,
06235, 20161113, 0620,        10Min,        Sax1H,          4.51,     0,
06235, 20161113, 0620,        10Min,        Sax3H,          4.57,     0,
06235, 20161113, 0620,        10Min,        Sax6H,          4.64,     0,
06235, 20161113, 0620,        10Min,         Sx1H,          6.93,     0,
06235, 20161113, 0620,        10Min,         Sx3H,          6.99,     0,
06235, 20161113, 0620,        10Min,         Sx6H,          6.99,     0,
06235, 20161113, 0620,        10Min,        Tgn12,           3.5,     0,
06235, 20161113, 0620,        10Min,        Tgn14,           3.5,     0,
06235, 20161113, 0620,        10Min,         Tgn6,           3.6,     0,
06235, 20161113, 0620,        10Min,         Tn12,           3.6,     0,
06235, 20161113, 0620,        10Min,         Tn14,           3.6,     0,
06235, 20161113, 0620,        10Min,          Tn6,           3.6,     0,
06235, 20161113, 0620,        10Min,         Tx12,           4.5,     0,
06235, 20161113, 0620,        10Min,         Tx24,           4.8,     0,
06235, 20161113, 0620,        10Min,          Tx6,           3.8,     0,
06235, 20161113, 0620,        10Min,          W10,             6, 12832,
06235, 20161113, 0620,        10Min,       W10-10,             6,     0,
06235, 20161113, 0620,        10Min,           dd,         149.3,     0,
06235, 20161113, 0620,        10Min,           dr,           600,     0,
06235, 20161113, 0620,        10Min,          dsd,           9.8,     0,
06235, 20161113, 0620,        10Min,           ff,          4.39,     0,
06235, 20161113, 0620,        10Min,          ffs,          4.39,     0,
06235, 20161113, 0620,        10Min,          fsd,           .76,     0,
06235, 20161113, 0620,        10Min,           fx,          6.88,     0,
06235, 20161113, 0620,        10Min,          fxs,          6.88,     0,
06235, 20161113, 0620,        10Min,          gff,          6.88,     0,
06235, 20161113, 0620,        10Min,         gffs,          6.88,     0,
06235, 20161113, 0620,        10Min,            h,      454.9213,     0,
06235, 20161113, 0620,        10Min,           h1,      454.9213,     0,
06235, 20161113, 0620,        10Min,           h2,      574.9213,     0,
06235, 20161113, 0620,        10Min,           h3,      704.9213,     0,
06235, 20161113, 0620,        10Min,           hc,      454.9213,     0,
06235, 20161113, 0620,        10Min,          hc1,      454.9213,     0,
06235, 20161113, 0620,        10Min,          hc2,      574.9213,     0,
06235, 20161113, 0620,        10Min,          hc3,      704.9213,     0,
06235, 20161113, 0620,        10Min,           hm,              , 22064,
06235, 20161113, 0620,        10Min,          hm1,              , 22064,
06235, 20161113, 0620,        10Min,          hm2,              , 22064,
06235, 20161113, 0620,        10Min,          hm3,              , 22064,
06235, 20161113, 0620,        10Min,            n,             8,     0,
06235, 20161113, 0620,        10Min,           n1,             2,     0,
06235, 20161113, 0620,        10Min,           n2,             6,     0,
06235, 20161113, 0620,        10Min,           n3,             8,     0,
06235, 20161113, 0620,        10Min,           nc,             8,     0,
06235, 20161113, 0620,        10Min,          nc1,             2,     0,
06235, 20161113, 0620,        10Min,          nc2,             6,     0,
06235, 20161113, 0620,        10Min,          nc3,             8,     0,
06235, 20161113, 0620,        10Min,          nhc,             8,     0,
06235, 20161113, 0620,        10Min,           nm,              , 22064,
06235, 20161113, 0620,        10Min,          nm1,              , 22064,
06235, 20161113, 0620,        10Min,          nm2,              , 22064,
06235, 20161113, 0620,        10Min,          nm3,              , 22064,
06235, 20161113, 0620,        10Min,           p0,      1022.069,     0,
06235, 20161113, 0620,        10Min,           pg,          1.06,     0,
06235, 20161113, 0620,        10Min,           pp,      1022.141,     0,
06235, 20161113, 0620,        10Min,           pr,           600,     0,
06235, 20161113, 0620,        10Min,           ps,          1022,     0,
06235, 20161113, 0620,        10Min,          pwc,            60,     0,
06235, 20161113, 0620,        10Min,           qg,             1,     0,
06235, 20161113, 0620,        10Min,          qgn,             0,     0,
06235, 20161113, 0620,        10Min,          qgx,             1,     0,
06235, 20161113, 0620,        10Min,          qnh,      1022.138,     0,
06235, 20161113, 0620,        10Min,           rg,          .924,     0,
06235, 20161113, 0620,        10Min,           rh,            94,     0,
06235, 20161113, 0620,        10Min,          rhb,             1,     0,
06235, 20161113, 0620,        10Min,           sq,             0,     0,
06235, 20161113, 0620,        10Min,           ss,             0,     0,
06235, 20161113, 0620,        10Min,           ta,           3.6,     0,
06235, 20161113, 0620,        10Min,           tb,      3.208137,     0,
06235, 20161113, 0620,        10Min,           td,           2.9,     0,
06235, 20161113, 0620,        10Min,          tgn,           3.6,     0,
06235, 20161113, 0620,        10Min,           tn,           3.6,     0,
06235, 20161113, 0620,        10Min,           tx,           3.8,     0,
06235, 20161113, 0620,        10Min,           vv,      2774.089,     0,
06235, 20161113, 0620,        10Min,           ww,            61, 12832,
06235, 20161113, 0620,        10Min,        ww-10,            61,     0,
06235, 20161113, 0620,        10Min,           za,          4.34,     0,
06235, 20161113, 0620,        10Min,           zm,          2590,     0,
06242, 20161113, 0620,        10Min,        Sav1H,      8.653666,     0,
06242, 20161113, 0620,        10Min,        Sax1H,          9.01,     0,
06242, 20161113, 0620,        10Min,        Sax3H,          9.01,     0,
06242, 20161113, 0620,        10Min,        Sax6H,          9.01,     0,
06242, 20161113, 0620,        10Min,         Sx1H,         10.53,     0,
06242, 20161113, 0620,        10Min,         Sx3H,         10.53,     0,
06242, 20161113, 0620,        10Min,         Sx6H,         10.53,     0,
06242, 20161113, 0620,        10Min,        Tgn12,           3.8,     0,
06242, 20161113, 0620,        10Min,        Tgn14,           3.8,     0,
06242, 20161113, 0620,        10Min,         Tgn6,           3.8,     0,
06242, 20161113, 0620,        10Min,         Tn12,           3.9,     0,
06242, 20161113, 0620,        10Min,         Tn14,           3.9,     0,
06242, 20161113, 0620,        10Min,          Tn6,           3.9,     0,
06242, 20161113, 0620,        10Min,         Tx12,           4.5,     0,
06242, 20161113, 0620,        10Min,         Tx24,           4.7,     0,
06242, 20161113, 0620,        10Min,          Tx6,           4.3,     0,
06242, 20161113, 0620,        10Min,          W10,             6, 12832,
06242, 20161113, 0620,        10Min,       W10-10,             6,     0,
06242, 20161113, 0620,        10Min,           dd,         156.6,     0,
06242, 20161113, 0620,        10Min,          dsd,           4.9,     0,
06242, 20161113, 0620,        10Min,           ff,          9.01,     0,
06242, 20161113, 0620,        10Min,          ffs,          9.01,     0,
06242, 20161113, 0620,        10Min,          fsd,           .76,     0,
06242, 20161113, 0620,        10Min,           fx,         10.53,     0,
06242, 20161113, 0620,        10Min,          fxs,         10.53,     0,
06242, 20161113, 0620,        10Min,          gff,         10.53,     0,
06242, 20161113, 0620,        10Min,         gffs,         10.53,     0,
06242, 20161113, 0620,        10Min,            h,      404.9213,     0,
06242, 20161113, 0620,        10Min,           h1,      404.9213,     0,
06242, 20161113, 0620,        10Min,           h2,      524.9213,     0,
06242, 20161113, 0620,        10Min,           h3,             0,     0,
06242, 20161113, 0620,        10Min,           hc,      404.9213,     0,
06242, 20161113, 0620,        10Min,          hc1,      404.9213,     0,
06242, 20161113, 0620,        10Min,          hc2,      524.9213,     0,
06242, 20161113, 0620,        10Min,          hc3,             0,     0,
06242, 20161113, 0620,        10Min,            n,             8,     0,
06242, 20161113, 0620,        10Min,           n1,             5,     0,
06242, 20161113, 0620,        10Min,           n2,             8,     0,
06242, 20161113, 0620,        10Min,           n3,             0,     0,
06242, 20161113, 0620,        10Min,           nc,             8,     0,
06242, 20161113, 0620,        10Min,          nc1,             5,     0,
06242, 20161113, 0620,        10Min,          nc2,             8,     0,
06242, 20161113, 0620,        10Min,          nc3,             0,     0,
06242, 20161113, 0620,        10Min,          nhc,             8,     0,
06242, 20161113, 0620,        10Min,           p0,      1021.595,     0,
06242, 20161113, 0620,        10Min,           pg,          .384,     0,
06242, 20161113, 0620,        10Min,           pp,      1021.811,     0,
06242, 20161113, 0620,        10Min,           pr,           600,     0,
06242, 20161113, 0620,        10Min,           ps,        1020.5,     0,
06242, 20161113, 0620,        10Min,          pwc,            60,     0,
06242, 20161113, 0620,        10Min,          qnh,      1021.802,     0,
06242, 20161113, 0620,        10Min,           rh,            95,     0,
06242, 20161113, 0620,        10Min,          rhb,             1,     0,
06242, 20161113, 0620,        10Min,           sq,             0,     0,
06242, 20161113, 0620,        10Min,           ta,           4.3,     0,
06242, 20161113, 0620,        10Min,           tb,      3.964001,     0,
06242, 20161113, 0620,        10Min,           td,           3.7,     0,
06242, 20161113, 0620,        10Min,          tgn,           4.2,     0,
06242, 20161113, 0620,        10Min,           tn,           4.2,     0,
06242, 20161113, 0620,        10Min,           tx,           4.3,     0,
06242, 20161113, 0620,        10Min,           vv,      2793.844,     0,
06242, 20161113, 0620,        10Min,           ww,            61, 12832,
06242, 20161113, 0620,        10Min,        ww-10,            58,     0,
06242, 20161113, 0620,        10Min,           za,          5.78,     0,
06242, 20161113, 0620,        10Min,           zm,          2780,     0,
06269, 20161113, 0620,        10Min,          D1H,              , 22064,
06269, 20161113, 0620,        10Min,          Q1H,             0,     0,
06269, 20161113, 0620,        10Min,         R12H,      .2468167,     0,
06269, 20161113, 0620,        10Min,          R1H,             0,     0,
06269, 20161113, 0620,        10Min,         R24H,      .2468167,     0,
06269, 20161113, 0620,        10Min,          R6H,      .2468172,     0,
06269, 20161113, 0620,        10Min,        Sav1H,         2.747,     0,
06269, 20161113, 0620,        10Min,        Sax1H,          2.84,     0,
06269, 20161113, 0620,        10Min,        Sax3H,          3.15,     0,
06269, 20161113, 0620,        10Min,        Sax6H,          3.21,     0,
06269, 20161113, 0620,        10Min,         Sx1H,          4.12,     0,
06269, 20161113, 0620,        10Min,         Sx3H,          4.51,     0,
06269, 20161113, 0620,        10Min,         Sx6H,          4.68,     0,
06269, 20161113, 0620,        10Min,        Tgn12,           2.6,     0,
06269, 20161113, 0620,        10Min,        Tgn14,           2.6,     0,
06269, 20161113, 0620,        10Min,         Tgn6,           2.6,     0,
06269, 20161113, 0620,        10Min,         Tn12,           2.8,     0,
06269, 20161113, 0620,        10Min,         Tn14,           2.8,     0,
06269, 20161113, 0620,        10Min,          Tn6,           2.8,     0,
06269, 20161113, 0620,        10Min,         Tx12,           3.9,     0,
06269, 20161113, 0620,        10Min,         Tx24,           4.8,     0,
06269, 20161113, 0620,        10Min,          Tx6,             3,     0,
06269, 20161113, 0620,        10Min,          W10,             0, 12832,
06269, 20161113, 0620,        10Min,       W10-10,             0,     0,
06269, 20161113, 0620,        10Min,           dd,         126.8,     0,
06269, 20161113, 0620,        10Min,           dr,             0,     0,
06269, 20161113, 0620,        10Min,          dsd,           9.2,     0,
06269, 20161113, 0620,        10Min,           ff,          2.66,     0,
06269, 20161113, 0620,        10Min,          ffs,          2.66,     0,
06269, 20161113, 0620,        10Min,          fsd,           .39,     0,
06269, 20161113, 0620,        10Min,           fx,          3.69,     0,
06269, 20161113, 0620,        10Min,          fxs,          3.69,     0,
06269, 20161113, 0620,        10Min,          gff,          3.69,     0,
06269, 20161113, 0620,        10Min,         gffs,          3.69,     0,
06269, 20161113, 0620,        10Min,            h,      3954.921,     0,
06269, 20161113, 0620,        10Min,           h1,      3954.921,     0,
06269, 20161113, 0620,        10Min,           h2,             0,     0,
06269, 20161113, 0620,        10Min,           h3,             0,     0,
06269, 20161113, 0620,        10Min,           hc,      3954.921,     0,
06269, 20161113, 0620,        10Min,          hc1,      3954.921,     0,
06269, 20161113, 0620,        10Min,          hc2,             0,     0,
06269, 20161113, 0620,        10Min,          hc3,             0,     0,
06269, 20161113, 0620,        10Min,           hm,              , 22064,
06269, 20161113, 0620,        10Min,          hm1,              , 22064,
06269, 20161113, 0620,        10Min,          hm2,              , 22064,
06269, 20161113, 0620,        10Min,          hm3,              , 22064,
06269, 20161113, 0620,        10Min,            n,             8,     0,
06269, 20161113, 0620,        10Min,           n1,             8,     0,
06269, 20161113, 0620,        10Min,           n2,             0,     0,
06269, 20161113, 0620,        10Min,           n3,             0,     0,
06269, 20161113, 0620,        10Min,           nc,             8,     0,
06269, 20161113, 0620,        10Min,          nc1,             8,     0,
06269, 20161113, 0620,        10Min,          nc2,             0,     0,
06269, 20161113, 0620,        10Min,          nc3,             0,     0,
06269, 20161113, 0620,        10Min,          nhc,             8,     0,
06269, 20161113, 0620,        10Min,           nm,              , 22064,
06269, 20161113, 0620,        10Min,          nm1,              , 22064,
06269, 20161113, 0620,        10Min,          nm2,              , 22064,
06269, 20161113, 0620,        10Min,          nm3,              , 22064,
06269, 20161113, 0620,        10Min,           p0,      1023.666,     0,
06269, 20161113, 0620,        10Min,           pg,             0,     0,
06269, 20161113, 0620,        10Min,           pp,      1023.108,     0,
06269, 20161113, 0620,        10Min,           pr,             0,     0,
06269, 20161113, 0620,        10Min,           ps,        1023.5,     0,
06269, 20161113, 0620,        10Min,          pwc,             0,     0,
06269, 20161113, 0620,        10Min,           qg,             0,     0,
06269, 20161113, 0620,        10Min,          qgn,             0,     0,
06269, 20161113, 0620,        10Min,          qgx,             0,     0,
06269, 20161113, 0620,        10Min,          qnh,      1023.136,     0,
06269, 20161113, 0620,        10Min,           rg,             0,     0,
06269, 20161113, 0620,        10Min,           rh,            84,     0,
06269, 20161113, 0620,        10Min,          rhb,             1,     0,
06269, 20161113, 0620,        10Min,           sq,             0,     0,
06269, 20161113, 0620,        10Min,           ss,             0,     0,
06269, 20161113, 0620,        10Min,           ta,           2.9,     0,
06269, 20161113, 0620,        10Min,           tb,       1.87737,     0,
06269, 20161113, 0620,        10Min,           td,            .7,     0,
06269, 20161113, 0620,        10Min,          tgn,           2.7,     0,
06269, 20161113, 0620,        10Min,           tn,           2.9,     0,
06269, 20161113, 0620,        10Min,           tx,           2.9,     0,
06269, 20161113, 0620,        10Min,           vv,          7750,     0,
06269, 20161113, 0620,        10Min,           ww,            10, 12832,
06269, 20161113, 0620,        10Min,        ww-10,            10,     0,
06269, 20161113, 0620,        10Min,           za,             4,     0,
06269, 20161113, 0620,        10Min,           zm,          7750,     0,
06275, 20161113, 0620,        10Min,          D1H,              , 22064,
06275, 20161113, 0620,        10Min,          Q1H,           .12,     0,
06275, 20161113, 0620,        10Min,         R12H,             0,     0,
06275, 20161113, 0620,        10Min,          R1H,             0,     0,
06275, 20161113, 0620,        10Min,         R24H,             0,     0,
06275, 20161113, 0620,        10Min,          R6H,             0,     0,
06275, 20161113, 0620,        10Min,        Sav1H,      2.916333,     0,
06275, 20161113, 0620,        10Min,        Sax1H,          3.67,     0,
06275, 20161113, 0620,        10Min,        Sax3H,          3.67,     0,
06275, 20161113, 0620,        10Min,        Sax6H,          3.67,     0,
06275, 20161113, 0620,        10Min,         Sx1H,          4.95,     0,
06275, 20161113, 0620,        10Min,         Sx3H,          4.95,     0,
06275, 20161113, 0620,        10Min,         Sx6H,          5.21,     0,
06275, 20161113, 0620,        10Min,        Tgn12,             2,     0,
06275, 20161113, 0620,        10Min,        Tgn14,             2,     0,
06275, 20161113, 0620,        10Min,         Tgn6,           2.1,     0,
06275, 20161113, 0620,        10Min,         Tn12,           2.3,     0,
06275, 20161113, 0620,        10Min,         Tn14,           2.3,     0,
06275, 20161113, 0620,        10Min,          Tn6,           2.3,     0,
06275, 20161113, 0620,        10Min,         Tx12,           3.6,     0,
06275, 20161113, 0620,        10Min,         Tx24,           4.8,     0,
06275, 20161113, 0620,        10Min,          Tx6,           2.7,     0,
06275, 20161113, 0620,        10Min,          W10,             0, 12832,
06275, 20161113, 0620,        10Min,       W10-10,             0,     0,
06275, 20161113, 0620,        10Min,           dd,         128.9,     0,
06275, 20161113, 0620,        10Min,           dr,             0,     0,
06275, 20161113, 0620,        10Min,          dsd,           6.8,     0,
06275, 20161113, 0620,        10Min,           ff,          3.67,     0,
06275, 20161113, 0620,        10Min,          ffs,          3.67,     0,
06275, 20161113, 0620,        10Min,          fsd,           .43,     0,
06275, 20161113, 0620,        10Min,           fx,          4.95,     0,
06275, 20161113, 0620,        10Min,          fxs,          4.95,     0,
06275, 20161113, 0620,        10Min,          gff,          4.95,     0,
06275, 20161113, 0620,        10Min,         gffs,          4.95,     0,
06275, 20161113, 0620,        10Min,            h,      5104.921,     0,
06275, 20161113, 0620,        10Min,           h1,      5104.921,     0,
06275, 20161113, 0620,        10Min,           h2,             0,     0,
06275, 20161113, 0620,        10Min,           h3,             0,     0,
06275, 20161113, 0620,        10Min,           hc,      5104.921,     0,
06275, 20161113, 0620,        10Min,          hc1,      5104.921,     0,
06275, 20161113, 0620,        10Min,          hc2,             0,     0,
06275, 20161113, 0620,        10Min,          hc3,             0,     0,
06275, 20161113, 0620,        10Min,            n,             8,     0,
06275, 20161113, 0620,        10Min,           n1,             8,     0,
06275, 20161113, 0620,        10Min,           n2,             0,     0,
06275, 20161113, 0620,        10Min,           n3,             0,     0,
06275, 20161113, 0620,        10Min,           nc,             8,     0,
06275, 20161113, 0620,        10Min,          nc1,             8,     0,
06275, 20161113, 0620,        10Min,          nc2,             0,     0,
06275, 20161113, 0620,        10Min,          nc3,             0,     0,
06275, 20161113, 0620,        10Min,          nhc,             8,     0,
06275, 20161113, 0620,        10Min,           p0,       1017.49,     0,
06275, 20161113, 0620,        10Min,           pg,             0,     0,
06275, 20161113, 0620,        10Min,           pp,      1023.184,     0,
06275, 20161113, 0620,        10Min,           pr,             0,     0,
06275, 20161113, 0620,        10Min,           ps,        1017.3,     0,
06275, 20161113, 0620,        10Min,          pwc,             0,     0,
06275, 20161113, 0620,        10Min,           qg,             1,     0,
06275, 20161113, 0620,        10Min,          qgn,             0,     0,
06275, 20161113, 0620,        10Min,          qgx,             1,     0,
06275, 20161113, 0620,        10Min,          qnh,      1022.924,     0,
06275, 20161113, 0620,        10Min,           rg,             0,     0,
06275, 20161113, 0620,        10Min,           rh,            82,     0,
06275, 20161113, 0620,        10Min,          rhb,             1,     0,
06275, 20161113, 0620,        10Min,           sq,             0,     0,
06275, 20161113, 0620,        10Min,           ss,             0,     0,
06275, 20161113, 0620,        10Min,           ta,           2.5,     0,
06275, 20161113, 0620,        10Min,           tb,      1.367763,     0,
06275, 20161113, 0620,        10Min,           td,           -.3,     0,
06275, 20161113, 0620,        10Min,          tgn,           2.4,     0,
06275, 20161113, 0620,        10Min,           tn,           2.5,     0,
06275, 20161113, 0620,        10Min,           tx,           2.5,     0,
06275, 20161113, 0620,        10Min,           vv,          9010,     0,
06275, 20161113, 0620,        10Min,           ww,            10, 12832,
06275, 20161113, 0620,        10Min,        ww-10,             4,     0,
06275, 20161113, 0620,        10Min,           za,             4,     0,
06275, 20161113, 0620,        10Min,           zm,          9010,     0,
06280, 20161113, 0620,        10Min,          D1H,              , 22064,
06280, 20161113, 0620,        10Min,          Q1H,             0,     0,
06280, 20161113, 0620,        10Min,         R12H,             0,     0,
06280, 20161113, 0620,        10Min,          R1H,             0,     0,
06280, 20161113, 0620,        10Min,         R24H,             0,     0,
06280, 20161113, 0620,        10Min,          R6H,             0,     0,
06280, 20161113, 0620,        10Min,        Sav1H,      2.860167,     0,
06280, 20161113, 0620,        10Min,        Sax1H,          3.17,     0,
06280, 20161113, 0620,        10Min,        Sax3H,          3.58,     0,
06280, 20161113, 0620,        10Min,        Sax6H,          3.58,     0,
06280, 20161113, 0620,        10Min,         Sx1H,          5.15,     0,
06280, 20161113, 0620,        10Min,         Sx3H,          5.48,     0,
06280, 20161113, 0620,        10Min,         Sx6H,          5.48,     0,
06280, 20161113, 0620,        10Min,        Tgn12,            .2,     0,
06280, 20161113, 0620,        10Min,        Tgn14,            .2,     0,
06280, 20161113, 0620,        10Min,         Tgn6,            .2,     0,
06280, 20161113, 0620,        10Min,         Tn12,            .8,     0,
06280, 20161113, 0620,        10Min,         Tn14,            .8,     0,
06280, 20161113, 0620,        10Min,          Tn6,            .8,     0,
06280, 20161113, 0620,        10Min,         Tx12,           2.2,     0,
06280, 20161113, 0620,        10Min,         Tx24,           4.1,     0,
06280, 20161113, 0620,        10Min,          Tx6,           1.4,     0,
06280, 20161113, 0620,        10Min,          W10,             0, 12832,
06280, 20161113, 0620,        10Min,       W10-10,             0, 12832,
06280, 20161113, 0620,        10Min,           dd,         126.1,     0,
06280, 20161113, 0620,        10Min,           dr,             0,     0,
06280, 20161113, 0620,        10Min,          dsd,          15.1,     0,
06280, 20161113, 0620,        10Min,           ff,          2.84,     0,
06280, 20161113, 0620,        10Min,          ffs,          2.84,     0,
06280, 20161113, 0620,        10Min,          fsd,           .61,     0,
06280, 20161113, 0620,        10Min,           fx,          5.13,     0,
06280, 20161113, 0620,        10Min,          fxs,          5.13,     0,
06280, 20161113, 0620,        10Min,          gff,           4.9,     0,
06280, 20161113, 0620,        10Min,         gffs,           4.9,     0,
06280, 20161113, 0620,        10Min,            h,      5024.921,     0,
06280, 20161113, 0620,        10Min,           h1,      5024.921,     0,
06280, 20161113, 0620,        10Min,           h2,             0,     0,
06280, 20161113, 0620,        10Min,           h3,             0,     0,
06280, 20161113, 0620,        10Min,           hc,      5024.921,     0,
06280, 20161113, 0620,        10Min,          hc1,      5024.921,     0,
06280, 20161113, 0620,        10Min,          hc2,             0,     0,
06280, 20161113, 0620,        10Min,          hc3,             0,     0,
06280, 20161113, 0620,        10Min,           hm,              , 22064,
06280, 20161113, 0620,        10Min,          hm1,              , 22064,
06280, 20161113, 0620,        10Min,          hm2,              , 22064,
06280, 20161113, 0620,        10Min,          hm3,              , 22064,
06280, 20161113, 0620,        10Min,            n,             8,     0,
06280, 20161113, 0620,        10Min,           n1,             8,     0,
06280, 20161113, 0620,        10Min,           n2,             0,     0,
06280, 20161113, 0620,        10Min,           n3,             0,     0,
06280, 20161113, 0620,        10Min,           nc,             8,     0,
06280, 20161113, 0620,        10Min,          nc1,             8,     0,
06280, 20161113, 0620,        10Min,          nc2,             0,     0,
06280, 20161113, 0620,        10Min,          nc3,             0,     0,
06280, 20161113, 0620,        10Min,          nhc,             8,     0,
06280, 20161113, 0620,        10Min,           nm,              , 22064,
06280, 20161113, 0620,        10Min,          nm1,              , 22064,
06280, 20161113, 0620,        10Min,          nm2,              , 22064,
06280, 20161113, 0620,        10Min,          nm3,              , 22064,
06280, 20161113, 0620,        10Min,           p0,      1023.698,     0,
06280, 20161113, 0620,        10Min,           pg,             0,     0,
06280, 20161113, 0620,        10Min,           pp,      1024.109,     0,
06280, 20161113, 0620,        10Min,           pr,             0,     0,
06280, 20161113, 0620,        10Min,           ps,        1023.6,     0,
06280, 20161113, 0620,        10Min,          pwc,             0,     0,
06280, 20161113, 0620,        10Min,           qg,             0,     0,
06280, 20161113, 0620,        10Min,          qgn,             0,     0,
06280, 20161113, 0620,        10Min,          qgx,             0,     0,
06280, 20161113, 0620,        10Min,          qnh,      1024.086,     0,
06280, 20161113, 0620,        10Min,           rg,             0,     0,
06280, 20161113, 0620,        10Min,           rh,            78,     0,
06280, 20161113, 0620,        10Min,          rhb,             0,     0,
06280, 20161113, 0620,        10Min,           sq,             0,     0,
06280, 20161113, 0620,        10Min,           ss,             0,     0,
06280, 20161113, 0620,        10Min,           ta,           1.3,     0,
06280, 20161113, 0620,        10Min,           tb,    -.01411224,     0,
06280, 20161113, 0620,        10Min,           td,            -2,     0,
06280, 20161113, 0620,        10Min,          tgn,           1.2,     0,
06280, 20161113, 0620,        10Min,           tn,           1.3,     0,
06280, 20161113, 0620,        10Min,           tx,           1.4,     0,
06280, 20161113, 0620,        10Min,           vv,         12200,     0,
06280, 20161113, 0620,        10Min,           ww,             2, 12832,
06280, 20161113, 0620,        10Min,        ww-10,             2, 12832,
06280, 20161113, 0620,        10Min,           za,             4,     0,
06280, 20161113, 0620,        10Min,           zm,         12200,     0,
06340, 20161113, 0620,        10Min,        Sav1H,      1.712167,     0,
06340, 20161113, 0620,        10Min,        Sax1H,          1.91,     0,
06340, 20161113, 0620,        10Min,        Sax3H,          1.91,     0,
06340, 20161113, 0620,        10Min,        Sax6H,          2.08,     0,
06340, 20161113, 0620,        10Min,         Sx1H,             4,     0,
06340, 20161113, 0620,        10Min,         Sx3H,             4,     0,
06340, 20161113, 0620,        10Min,         Sx6H,             4,     0,
06340, 20161113, 0620,        10Min,        Tgn12,           4.1,     0,
06340, 20161113, 0620,        10Min,        Tgn14,           4.1,     0,
06340, 20161113, 0620,        10Min,         Tgn6,           4.2,     0,
06340, 20161113, 0620,        10Min,         Tn12,           4.2,     0,
06340, 20161113, 0620,        10Min,         Tn14,           4.2,     0,
06340, 20161113, 0620,        10Min,          Tn6,           4.2,     0,
06340, 20161113, 0620,        10Min,         Tx12,           4.8,     0,
06340, 20161113, 0620,        10Min,         Tx24,           4.9,     0,
06340, 20161113, 0620,        10Min,          Tx6,           4.4,     0,
06340, 20161113, 0620,        10Min,          W10,             5, 12832,
06340, 20161113, 0620,        10Min,       W10-10,             0,     0,
06340, 20161113, 0620,        10Min,           dd,         141.4,     0,
06340, 20161113, 0620,        10Min,          dsd,          21.4,     0,
06340, 20161113, 0620,        10Min,           ff,          1.73,     0,
06340, 20161113, 0620,        10Min,          ffs,          1.73,     0,
06340, 20161113, 0620,        10Min,          fsd,           .61,     0,
06340, 20161113, 0620,        10Min,           fx,             4,     0,
06340, 20161113, 0620,        10Min,          fxs,             4,     0,
06340, 20161113, 0620,        10Min,          gff,          3.13,     0,
06340, 20161113, 0620,        10Min,         gffs,          3.13,     0,
06340, 20161113, 0620,        10Min,            h,      1004.921,     0,
06340, 20161113, 0620,        10Min,           h1,      1004.921,     0,
06340, 20161113, 0620,        10Min,           h2,      1244.921,     0,
06340, 20161113, 0620,        10Min,           h3,             0,     0,
06340, 20161113, 0620,        10Min,           hc,      1004.921,     0,
06340, 20161113, 0620,        10Min,          hc1,      1004.921,     0,
06340, 20161113, 0620,        10Min,          hc2,      1244.921,     0,
06340, 20161113, 0620,        10Min,          hc3,             0,     0,
06340, 20161113, 0620,        10Min,            n,             8,     0,
06340, 20161113, 0620,        10Min,           n1,             7,     0,
06340, 20161113, 0620,        10Min,           n2,             8,     0,
06340, 20161113, 0620,        10Min,           n3,             0,     0,
06340, 20161113, 0620,        10Min,           nc,             8,     0,
06340, 20161113, 0620,        10Min,          nc1,             7,     0,
06340, 20161113, 0620,        10Min,          nc2,             8,     0,
06340, 20161113, 0620,        10Min,          nc3,             0,     0,
06340, 20161113, 0620,        10Min,          nhc,             8,     0,
06340, 20161113, 0620,        10Min,           p0,      1020.297,     0,
06340, 20161113, 0620,        10Min,           pg,         .0572,     0,
06340, 20161113, 0620,        10Min,           pp,      1022.185,     0,
06340, 20161113, 0620,        10Min,           pr,           276,     0,
06340, 20161113, 0620,        10Min,           ps,          1020,     0,
06340, 20161113, 0620,        10Min,          pwc,            50,     0,
06340, 20161113, 0620,        10Min,          qnh,      1022.104,     0,
06340, 20161113, 0620,        10Min,           rh,            96,     0,
06340, 20161113, 0620,        10Min,          rhb,             1,     0,
06340, 20161113, 0620,        10Min,           sq,             0,     0,
06340, 20161113, 0620,        10Min,           ta,           4.3,     0,
06340, 20161113, 0620,        10Min,           tb,      4.031515,     0,
06340, 20161113, 0620,        10Min,           td,           3.8,     0,
06340, 20161113, 0620,        10Min,          tgn,           4.3,     0,
06340, 20161113, 0620,        10Min,           tn,           4.3,     0,
06340, 20161113, 0620,        10Min,           tx,           4.3,     0,
06340, 20161113, 0620,        10Min,           vv,              , 22064,
06340, 20161113, 0620,        10Min,           ww,            51, 12832,
06340, 20161113, 0620,        10Min,        ww-10,            22,     0,
06340, 20161113, 0620,        10Min,           za,              , 22064,
06340, 20161113, 0620,        10Min,           zm,          4870,     0,
06344, 20161113, 0620,        10Min,          D1H,              , 22064,
06344, 20161113, 0620,        10Min,          Q1H,           .36,     0,
06344, 20161113, 0620,        10Min,         R12H,      2.554817,     0,
06344, 20161113, 0620,        10Min,          R1H,      .3266667,     0,
06344, 20161113, 0620,        10Min,         R24H,      2.554817,     0,
06344, 20161113, 0620,        10Min,          R6H,      2.135338,     0,
06344, 20161113, 0620,        10Min,        Sav1H,      2.891167,     0,
06344, 20161113, 0620,        10Min,        Sax1H,           3.6,     0,
06344, 20161113, 0620,        10Min,        Sax3H,          3.98,     0,
06344, 20161113, 0620,        10Min,        Sax6H,          3.98,     0,
06344, 20161113, 0620,        10Min,         Sx1H,          4.78,     0,
06344, 20161113, 0620,        10Min,         Sx3H,          5.87,     0,
06344, 20161113, 0620,        10Min,         Sx6H,          6.82,     0,
06344, 20161113, 0620,        10Min,        Tgn12,           4.3,     0,
06344, 20161113, 0620,        10Min,        Tgn14,           4.3,     0,
06344, 20161113, 0620,        10Min,         Tgn6,           4.3,     0,
06344, 20161113, 0620,        10Min,         Tn12,           4.3,     0,
06344, 20161113, 0620,        10Min,         Tn14,           4.3,     0,
06344, 20161113, 0620,        10Min,          Tn6,           4.3,     0,
06344, 20161113, 0620,        10Min,         Tx12,           5.6,     0,
06344, 20161113, 0620,        10Min,         Tx24,           5.6,     0,
06344, 20161113, 0620,        10Min,          Tx6,           4.8,     0,
06344, 20161113, 0620,        10Min,          W10,             5,     0,
06344, 20161113, 0620,        10Min,       W10-10,             5,     0,
06344, 20161113, 0620,        10Min,           dd,         146.5,     0,
06344, 20161113, 0620,        10Min,           dr,           276,     0,
06344, 20161113, 0620,        10Min,          dsd,           8.4,     0,
06344, 20161113, 0620,        10Min,           ff,           3.6,     0,
06344, 20161113, 0620,        10Min,          ffs,           3.6,     0,
06344, 20161113, 0620,        10Min,          fsd,           .41,     0,
06344, 20161113, 0620,        10Min,           fx,          4.78,     0,
06344, 20161113, 0620,        10Min,          fxs,          4.78,     0,
06344, 20161113, 0620,        10Min,          gff,          4.78,     0,
06344, 20161113, 0620,        10Min,         gffs,          4.78,     0,
06344, 20161113, 0620,        10Min,            h,      454.9213,     0,
06344, 20161113, 0620,        10Min,           h1,      454.9213,     0,
06344, 20161113, 0620,        10Min,           h2,      574.9213,     0,
06344, 20161113, 0620,        10Min,           h3,             0,     0,
06344, 20161113, 0620,        10Min,           hc,      454.9213,     0,
06344, 20161113, 0620,        10Min,          hc1,      454.9213,     0,
06344, 20161113, 0620,        10Min,          hc2,      574.9213,     0,
06344, 20161113, 0620,        10Min,          hc3,             0,     0,
06344, 20161113, 0620,        10Min,           hm,              , 22064,
06344, 20161113, 0620,        10Min,          hm1,              , 22064,
06344, 20161113, 0620,        10Min,          hm2,              , 22064,
06344, 20161113, 0620,        10Min,          hm3,              , 22064,
06344, 20161113, 0620,        10Min,            n,             8,     0,
06344, 20161113, 0620,        10Min,           n1,             3,     0,
06344, 20161113, 0620,        10Min,           n2,             8,     0,
06344, 20161113, 0620,        10Min,           n3,             0,     0,
06344, 20161113, 0620,        10Min,           nc,             8,     0,
06344, 20161113, 0620,        10Min,          nc1,             3,     0,
06344, 20161113, 0620,        10Min,          nc2,             8,     0,
06344, 20161113, 0620,        10Min,          nc3,             0,     0,
06344, 20161113, 0620,        10Min,          nhc,             8,     0,
06344, 20161113, 0620,        10Min,           nm,              , 22064,
06344, 20161113, 0620,        10Min,          nm1,              , 22064,
06344, 20161113, 0620,        10Min,          nm2,              , 22064,
06344, 20161113, 0620,        10Min,          nm3,              , 22064,
06344, 20161113, 0620,        10Min,           p0,      1022.878,     0,
06344, 20161113, 0620,        10Min,           pg,         .0178,     0,
06344, 20161113, 0620,        10Min,           pp,      1022.232,     0,
06344, 20161113, 0620,        10Min,           pr,             0,     0,
06344, 20161113, 0620,        10Min,           ps,        1022.8,     0,
06344, 20161113, 0620,        10Min,          pwc,            50,     0,
06344, 20161113, 0620,        10Min,           qg,             1,     0,
06344, 20161113, 0620,        10Min,          qgn,             1,     0,
06344, 20161113, 0620,        10Min,          qgx,             2,     0,
06344, 20161113, 0620,        10Min,          qnh,       1022.26,     0,
06344, 20161113, 0620,        10Min,           rg,          .018,     0,
06344, 20161113, 0620,        10Min,           rh,            97,     0,
06344, 20161113, 0620,        10Min,          rhb,             1,     0,
06344, 20161113, 0620,        10Min,           sq,             0,     0,
06344, 20161113, 0620,        10Min,           ss,             0,     0,
06344, 20161113, 0620,        10Min,           ta,           4.4,     0,
06344, 20161113, 0620,        10Min,           tb,      4.198006,     0,
06344, 20161113, 0620,        10Min,           td,             4,     0,
06344, 20161113, 0620,        10Min,          tgn,           4.3,     0,
06344, 20161113, 0620,        10Min,           tn,           4.4,     0,
06344, 20161113, 0620,        10Min,           tx,           4.5,     0,
06344, 20161113, 0620,        10Min,           vv,          3250,     0,
06344, 20161113, 0620,        10Min,           ww,            51,     0,
06344, 20161113, 0620,        10Min,        ww-10,            51,     0,
06344, 20161113, 0620,        10Min,           za,             4,     0,
06344, 20161113, 0620,        10Min,           zm,          3250,     0,
06370, 20161113, 0620,        10Min,          D1H,              , 22064,
06370, 20161113, 0620,        10Min,          Q1H,             0,     0,
06370, 20161113, 0620,        10Min,         R12H,         .5295,     0,
06370, 20161113, 0620,        10Min,          R1H,            .1,     0,
06370, 20161113, 0620,        10Min,         R24H,         .5295,     0,
06370, 20161113, 0620,        10Min,          R6H,      .5295011,     0,
06370, 20161113, 0620,        10Min,        Sav1H,        2.2615,     0,
06370, 20161113, 0620,        10Min,        Sax1H,          2.74,     0,
06370, 20161113, 0620,        10Min,        Sax3H,          2.74,     0,
06370, 20161113, 0620,        10Min,        Sax6H,          2.84,     0,
06370, 20161113, 0620,        10Min,         Sx1H,           4.1,     0,
06370, 20161113, 0620,        10Min,         Sx3H,           4.1,     0,
06370, 20161113, 0620,        10Min,         Sx6H,          4.39,     0,
06370, 20161113, 0620,        10Min,        Tgn12,           2.7,     0,
06370, 20161113, 0620,        10Min,        Tgn14,           2.7,     0,
06370, 20161113, 0620,        10Min,         Tgn6,           2.7,     0,
06370, 20161113, 0620,        10Min,         Tn12,           3.3,     0,
06370, 20161113, 0620,        10Min,         Tn14,           3.3,     0,
06370, 20161113, 0620,        10Min,          Tn6,           3.3,     0,
06370, 20161113, 0620,        10Min,         Tx12,           4.4,     0,
06370, 20161113, 0620,        10Min,         Tx24,           5.3,     0,
06370, 20161113, 0620,        10Min,          Tx6,           3.9,     0,
06370, 20161113, 0620,        10Min,          W10,             5, 12832,
06370, 20161113, 0620,        10Min,       W10-10,             5,     0,
06370, 20161113, 0620,        10Min,           dd,         130.1,     0,
06370, 20161113, 0620,        10Min,           dr,           600,     0,
06370, 20161113, 0620,        10Min,          dsd,           8.5,     0,
06370, 20161113, 0620,        10Min,           ff,          2.49,     0,
06370, 20161113, 0620,        10Min,          ffs,          2.49,     0,
06370, 20161113, 0620,        10Min,          fsd,           .35,     0,
06370, 20161113, 0620,        10Min,           fx,          3.48,     0,
06370, 20161113, 0620,        10Min,          fxs,          3.48,     0,
06370, 20161113, 0620,        10Min,          gff,          3.48,     0,
06370, 20161113, 0620,        10Min,         gffs,          3.48,     0,
06370, 20161113, 0620,        10Min,            h,      1654.921,     0,
06370, 20161113, 0620,        10Min,           h1,      1654.921,     0,
06370, 20161113, 0620,        10Min,           h2,      1924.921,     0,
06370, 20161113, 0620,        10Min,           h3,             0,     0,
06370, 20161113, 0620,        10Min,           hc,      1654.921,     0,
06370, 20161113, 0620,        10Min,          hc1,      1654.921,     0,
06370, 20161113, 0620,        10Min,          hc2,      1924.921,     0,
06370, 20161113, 0620,        10Min,          hc3,             0,     0,
06370, 20161113, 0620,        10Min,            n,             8,     0,
06370, 20161113, 0620,        10Min,           n1,             7,     0,
06370, 20161113, 0620,        10Min,           n2,             8,     0,
06370, 20161113, 0620,        10Min,           n3,             0,     0,
06370, 20161113, 0620,        10Min,           nc,             8,     0,
06370, 20161113, 0620,        10Min,          nc1,             7,     0,
06370, 20161113, 0620,        10Min,          nc2,             8,     0,
06370, 20161113, 0620,        10Min,          nc3,             0,     0,
06370, 20161113, 0620,        10Min,          nhc,             8,     0,
06370, 20161113, 0620,        10Min,           p0,      1020.303,     0,
06370, 20161113, 0620,        10Min,           pg,           .37,     0,
06370, 20161113, 0620,        10Min,           pp,      1022.907,     0,
06370, 20161113, 0620,        10Min,           pr,           600,     0,
06370, 20161113, 0620,        10Min,           ps,        1020.2,     0,
06370, 20161113, 0620,        10Min,          pwc,            50,     0,
06370, 20161113, 0620,        10Min,           qg,             0,     0,
06370, 20161113, 0620,        10Min,          qgn,             0,     0,
06370, 20161113, 0620,        10Min,          qgx,             0,     0,
06370, 20161113, 0620,        10Min,          qnh,      1022.789,     0,
06370, 20161113, 0620,        10Min,           rg,          .144,     0,
06370, 20161113, 0620,        10Min,           rh,            95,     0,
06370, 20161113, 0620,        10Min,          rhb,             1,     0,
06370, 20161113, 0620,        10Min,           sq,             0,     0,
06370, 20161113, 0620,        10Min,           ss,             0,     0,
06370, 20161113, 0620,        10Min,           ta,           3.3,     0,
06370, 20161113, 0620,        10Min,           tb,      2.978012,     0,
06370, 20161113, 0620,        10Min,           td,           2.7,     0,
06370, 20161113, 0620,        10Min,          tgn,           2.7,     0,
06370, 20161113, 0620,        10Min,           tn,           3.3,     0,
06370, 20161113, 0620,        10Min,           tx,           3.3,     0,
06370, 20161113, 0620,        10Min,           vv,              , 22064,
06370, 20161113, 0620,        10Min,           ww,            52, 12832,
06370, 20161113, 0620,        10Min,        ww-10,            52,     0,
06370, 20161113, 0620,        10Min,           za,              , 22064,
06370, 20161113, 0620,        10Min,           zm,          3130,     0,
06252, 20161113, 0610,        10Min,        Sav1H,        1.1373,     0,
06252, 20161113, 0610,        10Min,        Sax1H,      1.722197,     0,
06252, 20161113, 0610,        10Min,        Sax3H,      7.416819,     0,
06252, 20161113, 0610,        10Min,        Sax6H,      9.025286,     0,
06252, 20161113, 0610,        10Min,         Sx1H,      3.024507,     0,
06252, 20161113, 0610,        10Min,         Sx3H,      8.727139,     0,
06252, 20161113, 0610,        10Min,         Sx6H,      10.56888,     0,
06252, 20161113, 0610,        10Min,         Tn12,           7.3,     0,
06252, 20161113, 0610,        10Min,         Tn14,           7.1,     0,
06252, 20161113, 0610,        10Min,          Tn6,           8.5,     0,
06252, 20161113, 0610,        10Min,         Tx12,          10.2,     0,
06252, 20161113, 0610,        10Min,          Tx6,          10.2,     0,
06252, 20161113, 0610,        10Min,           dd,         271.5, 13840,
06252, 20161113, 0610,        10Min,          dsd,           8.8, 13840,
06252, 20161113, 0610,        10Min,           ff,      .8529748,     0,
06252, 20161113, 0610,        10Min,          ffs,          1.05, 13840,
06252, 20161113, 0610,        10Min,          gff,      1.148975,     0,
06252, 20161113, 0610,        10Min,         gffs,          1.36, 13840,
06252, 20161113, 0610,        10Min,         h10z,            78, 13840,
06252, 20161113, 0610,        10Min,         h1d3,           122, 13840,
06252, 20161113, 0610,        10Min,           p0,      1015.806,     0,
06252, 20161113, 0610,        10Min,           pp,      1020.454,     0,
06252, 20161113, 0610,        10Min,           ps,        1016.6, 13840,
06252, 20161113, 0610,        10Min,          qnh,      1020.331,     0,
06252, 20161113, 0610,        10Min,         rh10,            92, 13840,
06252, 20161113, 0610,        10Min,          t10,          10.1, 13840,
06252, 20161113, 0610,        10Min,         td10,           8.9, 13840,
06252, 20161113, 0610,        10Min,        th1d3,           5.8, 13840,
06252, 20161113, 0610,        10Min,           tn,          10.1, 13840,
06252, 20161113, 0610,        10Min,         tw10,              , 22032,
06252, 20161113, 0610,        10Min,           tx,          10.2, 13840,
06252, 20161113, 0610,        10Min,           zm,              , 22064,
06320, 20161113, 0610,        10Min,        Sav1H,      4.542027,     0,
06320, 20161113, 0610,        10Min,        Sax1H,      4.781082,     0,
06320, 20161113, 0610,        10Min,        Sax3H,      6.111092,     0,
06320, 20161113, 0610,        10Min,        Sax6H,      8.032217,     0,
06320, 20161113, 0610,        10Min,         Sx1H,      6.297108,     0,
06320, 20161113, 0610,        10Min,         Sx3H,      7.288567,     0,
06320, 20161113, 0610,        10Min,         Sx6H,      10.16469,     0,
06320, 20161113, 0610,        10Min,         Tn12,           4.8,     0,
06320, 20161113, 0610,        10Min,         Tn14,           4.8,     0,
06320, 20161113, 0610,        10Min,          Tn6,           4.8,     0,
06320, 20161113, 0610,        10Min,         Tx12,           6.7,     0,
06320, 20161113, 0610,        10Min,          Tx6,           6.1,     0,
06320, 20161113, 0610,        10Min,           dd,         170.6, 13840,
06320, 20161113, 0610,        10Min,          dsd,           6.8, 13840,
06320, 20161113, 0610,        10Min,           ff,      4.276895,     0,
06320, 20161113, 0610,        10Min,          ffs,          4.92, 13840,
06320, 20161113, 0610,        10Min,          gff,      5.555746,     0,
06320, 20161113, 0610,        10Min,         gffs,          6.22, 13840,
06320, 20161113, 0610,        10Min,          h10,           -40, 13840,
06320, 20161113, 0610,        10Min,         h1d3,            55, 13840,
06320, 20161113, 0610,        10Min,           p0,      1018.648,     0,
06320, 20161113, 0610,        10Min,           pp,      1021.395,     0,
06320, 20161113, 0610,        10Min,           ps,          1019,     0,
06320, 20161113, 0610,        10Min,          qnh,      1021.291,     0,
06320, 20161113, 0610,        10Min,         rh10,            99, 13840,
06320, 20161113, 0610,        10Min,          t10,           4.9, 13840,
06320, 20161113, 0610,        10Min,         td10,           4.9, 13840,
06320, 20161113, 0610,        10Min,        th1d3,           4.9, 13840,
06320, 20161113, 0610,        10Min,           tn,           4.8, 13840,
06320, 20161113, 0610,        10Min,         tw10,          12.7, 13840,
06320, 20161113, 0610,        10Min,           tx,           5.1, 13840,
06320, 20161113, 0610,        10Min,           zm,          5740, 13840,
06321, 20161113, 0610,        10Min,        Sav1H,      4.265395,     0,
06321, 20161113, 0610,        10Min,        Sax1H,      4.606983,     0,
06321, 20161113, 0610,        10Min,        Sax3H,              , 22064,
06321, 20161113, 0610,        10Min,        Sax6H,      8.741683,     0,
06321, 20161113, 0610,        10Min,         Sx1H,      6.033691,     0,
06321, 20161113, 0610,        10Min,         Sx3H,              , 22064,
06321, 20161113, 0610,        10Min,         Sx6H,      10.49972,     0,
06321, 20161113, 0610,        10Min,         Tn12,           5.9,     0,
06321, 20161113, 0610,        10Min,         Tn14,           5.9,     0,
06321, 20161113, 0610,        10Min,          Tn6,           6.4,     0,
06321, 20161113, 0610,        10Min,         Tx12,           7.8,     0,
06321, 20161113, 0610,        10Min,          Tx6,           7.8,     0,
06321, 20161113, 0610,        10Min,           dd,         156.2,     0,
06321, 20161113, 0610,        10Min,          dsd,           7.9,     0,
06321, 20161113, 0610,        10Min,           ff,      3.983213,     0,
06321, 20161113, 0610,        10Min,          ffs,          4.47,     0,
06321, 20161113, 0610,        10Min,          gff,      5.468602,     0,
06321, 20161113, 0610,        10Min,         gffs,             6,     0,
06321, 20161113, 0610,        10Min,          h10,           -29,     0,
06321, 20161113, 0610,        10Min,         h1d3,            70, 13840,
06321, 20161113, 0610,        10Min,           p0,      1018.632,     0,
06321, 20161113, 0610,        10Min,           pp,      1020.994,     0,
06321, 20161113, 0610,        10Min,           ps,        1018.8,     0,
06321, 20161113, 0610,        10Min,          qnh,      1020.915,     0,
06321, 20161113, 0610,        10Min,         rh10,            89,     0,
06321, 20161113, 0610,        10Min,          t10,           7.6,     0,
06321, 20161113, 0610,        10Min,         td10,           5.9,     0,
06321, 20161113, 0610,        10Min,        th1d3,           4.8, 13840,
06321, 20161113, 0610,        10Min,           tn,           7.4,     0,
06321, 20161113, 0610,        10Min,         tw10,          12.5,     0,
06321, 20161113, 0610,        10Min,           tx,           7.8,     0,
06321, 20161113, 0610,        10Min,           zm,         15100,     0,
06285, 20161113, 0550,        10Min,        Sav1H,      9.212151,     0,
06285, 20161113, 0550,        10Min,        Sax1H,      9.444836,     0,
06285, 20161113, 0550,        10Min,        Sax3H,      9.444836,     0,
06285, 20161113, 0550,        10Min,        Sax6H,      9.444836,     0,
06285, 20161113, 0550,        10Min,         Sx1H,      10.87831,     0,
06285, 20161113, 0550,        10Min,         Sx3H,      10.87831,     0,
06285, 20161113, 0550,        10Min,         Sx6H,      11.15359,     0,
06285, 20161113, 0550,        10Min,           dd,         146.2,     1,
06285, 20161113, 0550,        10Min,           ff,       9.13563,     0,
06285, 20161113, 0550,        10Min,          ffs,          9.75,     1,
06285, 20161113, 0550,        10Min,          gff,      10.87831,     0,
06285, 20161113, 0550,        10Min,         gffs,         11.46,     1,
06209, 20161113, 0550,        10Min,        Sav1H,      7.120373,     0,
06209, 20161113, 0550,        10Min,        Sax1H,      7.348944,     0,
06209, 20161113, 0550,        10Min,        Sax3H,      7.348944,     0,
06209, 20161113, 0550,        10Min,        Sax6H,      7.698894,     0,
06209, 20161113, 0550,        10Min,         Sx1H,      8.598289,     0,
06209, 20161113, 0550,        10Min,         Sx3H,      9.420818,     0,
06209, 20161113, 0550,        10Min,         Sx6H,      9.420818,     0,
06209, 20161113, 0550,        10Min,           dd,         145.8,     1,
06209, 20161113, 0550,        10Min,          dsd,           4.7,     1,
06209, 20161113, 0550,        10Min,           ff,      7.150324,     0,
06209, 20161113, 0550,        10Min,          ffs,          7.56,     1,
06209, 20161113, 0550,        10Min,          gff,      8.320926,     0,
06209, 20161113, 0550,        10Min,         gffs,           8.7,     1,
06308, 20161113, 0550,        10Min,        Sav1H,      2.862862,     0,
06308, 20161113, 0550,        10Min,        Sax1H,      3.129978,     0,
06308, 20161113, 0550,        10Min,        Sax3H,      3.997321,     0,
06308, 20161113, 0550,        10Min,        Sax6H,      4.544125,     0,
06308, 20161113, 0550,        10Min,         Sx1H,      4.521725,     0,
06308, 20161113, 0550,        10Min,         Sx3H,      5.351662,     0,
06308, 20161113, 0550,        10Min,         Sx6H,      6.210217,     0,
06308, 20161113, 0550,        10Min,           dd,         144.5,     1,
06308, 20161113, 0550,        10Min,           ff,      3.063985,     0,
06308, 20161113, 0550,        10Min,          ffs,          3.25,     1,
06308, 20161113, 0550,        10Min,          gff,      3.930275,     0,
06308, 20161113, 0550,        10Min,         gffs,          4.12,     1,
06312, 20161113, 0550,        10Min,        Sav1H,      4.131614,     0,
06312, 20161113, 0550,        10Min,        Sax1H,      4.407475,     0,
06312, 20161113, 0550,        10Min,        Sax3H,      6.157224,     0,
06312, 20161113, 0550,        10Min,        Sax6H,      8.540665,     0,
06312, 20161113, 0550,        10Min,         Sx1H,      5.929855,     0,
06312, 20161113, 0550,        10Min,         Sx3H,       7.86184,     0,
06312, 20161113, 0550,        10Min,         Sx6H,       10.4155,     0,
06312, 20161113, 0550,        10Min,           dd,         169.5,     1,
06312, 20161113, 0550,        10Min,           ff,      4.152106,     0,
06312, 20161113, 0550,        10Min,          ffs,          4.39,     1,
06312, 20161113, 0550,        10Min,          gff,      5.700312,     0,
06312, 20161113, 0550,        10Min,         gffs,          5.96,     1,
06313, 20161113, 0550,        10Min,        Sav1H,      3.746984,     0,
06313, 20161113, 0550,        10Min,        Sax1H,      3.953486,     0,
06313, 20161113, 0550,        10Min,        Sax3H,      5.788357,     0,
06313, 20161113, 0550,        10Min,        Sax6H,      8.739285,     0,
06313, 20161113, 0550,        10Min,         Sx1H,      4.772577,     0,
06313, 20161113, 0550,        10Min,         Sx3H,      6.876719,     0,
06313, 20161113, 0550,        10Min,         Sx6H,      10.60679,     0,
06313, 20161113, 0550,        10Min,           dd,           167,     1,
06313, 20161113, 0550,        10Min,           ff,      3.622452,     0,
06313, 20161113, 0550,        10Min,          ffs,          3.83,     1,
06313, 20161113, 0550,        10Min,          gff,      4.476084,     0,
06313, 20161113, 0550,        10Min,         gffs,          4.68,     1,
06315, 20161113, 0550,        10Min,        Sav1H,      5.317395,     0,
06315, 20161113, 0550,        10Min,        Sax1H,      5.475557,     0,
06315, 20161113, 0550,        10Min,        Sax3H,      6.908502,     0,
06315, 20161113, 0550,        10Min,        Sax6H,      7.829002,     0,
06315, 20161113, 0550,        10Min,         Sx1H,      6.760921,     0,
06315, 20161113, 0550,        10Min,         Sx3H,      8.698092,     0,
06315, 20161113, 0550,        10Min,         Sx6H,      10.39552,     0,
06315, 20161113, 0550,        10Min,           dd,         157.5,     1,
06315, 20161113, 0550,        10Min,           ff,      5.456577,     0,
06315, 20161113, 0550,        10Min,          ffs,          5.75,     1,
06315, 20161113, 0550,        10Min,          gff,      6.665021,     0,
06315, 20161113, 0550,        10Min,         gffs,          6.95,     1,
06316, 20161113, 0550,        10Min,        Sav1H,      3.762748,     0,
06316, 20161113, 0550,        10Min,        Sax1H,       3.93457,     0,
06316, 20161113, 0550,        10Min,        Sax3H,      4.889838,     0,
06316, 20161113, 0550,        10Min,        Sax6H,      6.762542,     0,
06316, 20161113, 0550,        10Min,         Sx1H,      5.222098,     0,
06316, 20161113, 0550,        10Min,         Sx3H,      6.541969,     0,
06316, 20161113, 0550,        10Min,         Sx6H,      8.320926,     0,
06316, 20161113, 0550,        10Min,           dd,         173.8,     1,
06316, 20161113, 0550,        10Min,           ff,      3.546788,     0,
06316, 20161113, 0550,        10Min,          ffs,          3.75,     1,
06316, 20161113, 0550,        10Min,          gff,      4.456955,     0,
06316, 20161113, 0550,        10Min,         gffs,          4.66,     1,
06324, 20161113, 0550,        10Min,        Sav1H,      3.340286,     0,
06324, 20161113, 0550,        10Min,        Sax1H,      3.698117,     0,
06324, 20161113, 0550,        10Min,        Sax3H,      4.577721,     0,
06324, 20161113, 0550,        10Min,        Sax6H,      6.081559,     0,
06324, 20161113, 0550,        10Min,         Sx1H,      5.480334,     0,
06324, 20161113, 0550,        10Min,         Sx3H,      7.096697,     0,
06324, 20161113, 0550,        10Min,         Sx6H,      8.560033,     0,
06324, 20161113, 0550,        10Min,           dd,         154.5,     1,
06324, 20161113, 0550,        10Min,           ff,      3.452207,     0,
06324, 20161113, 0550,        10Min,          ffs,          3.65,     1,
06324, 20161113, 0550,        10Min,          gff,      4.609984,     0,
06324, 20161113, 0550,        10Min,         gffs,          4.82,     1,
06331, 20161113, 0550,        10Min,        Sav1H,      3.758018,     0,
06331, 20161113, 0550,        10Min,        Sax1H,      4.152106,     0,
06331, 20161113, 0550,        10Min,        Sax3H,      4.152106,     0,
06331, 20161113, 0550,        10Min,        Sax6H,      4.520972,     0,
06331, 20161113, 0550,        10Min,         Sx1H,      5.241227,     0,
06331, 20161113, 0550,        10Min,         Sx3H,      5.241227,     0,
06331, 20161113, 0550,        10Min,         Sx6H,      5.834212,     0,
06331, 20161113, 0550,        10Min,           dd,         143.3,     1,
06331, 20161113, 0550,        10Min,           ff,      3.527872,     0,
06331, 20161113, 0550,        10Min,          ffs,          3.73,     1,
06331, 20161113, 0550,        10Min,          gff,      4.313491,     0,
06331, 20161113, 0550,        10Min,         gffs,          4.51,     1,
